%eval_id interface              w              t              L              p              E              X              Y           mass         stress   displacement 
1            NO_ID    1.349076175    1.111293202    7.919556167    450.2102241    24204208.79    5.102047942    13.86313789     3.09341074     6506.05169 0.000633501172 
2            NO_ID    0.580173027   0.7382125848    11.16169029    462.7868712    32424752.11    8.023559104    13.14746721     1.28028376     44324.2478   0.0135840908 
3            NO_ID    1.076641228    1.212804693    14.25669531    528.3627122    33189013.53    2.479275567    10.69673956     5.69205603     5110.89115  0.00202742748 
4            NO_ID    0.688550268   0.5196638891    8.803676667     456.562705     30421742.2    1.181716376    5.158877058    0.832298226     19524.4725  0.00483042884 
5            NO_ID    1.320940519    1.173122202    14.50825155    488.7634084    25624079.67    7.935650342    12.48170633     6.35911296     6445.68022  0.00312122575 
6            NO_ID   0.7422591336    1.444627753    5.475668684    461.3256752    25476143.21    9.212683327    9.174958217     1.56751806     10498.7277 0.000415638291 
7            NO_ID    1.205625462    1.051677739    14.99191181    492.6127599    29638224.81    4.593832729    8.414118748     5.41893611     5589.10942  0.00295460907 
8            NO_ID    1.060662778   0.5475416012    10.88163829    500.1130048    31778750.58    8.550330137    9.375733302     1.82899764     26019.1111   0.0089875941 
9            NO_ID   0.5633961105    1.380275932    6.773821933    523.7512616    28987771.87    5.310819227    9.785712881     1.59659542     12743.2284 0.000965289623 
10           NO_ID    1.055466303    1.239490122     13.4898951    458.7343796    30771944.51    3.999886374     5.01193243     4.68504284     3592.56549  0.00118329733 
11           NO_ID   0.9859109779     1.28608306    11.70734697    497.0001255    33051826.11    9.669223524    11.39366945     4.26950936     8833.03192  0.00185315544 
12           NO_ID   0.7259308991    1.354091683     11.9257656    484.5465553    31858295.49    2.679812232    6.881669893     3.28716417     5355.37422  0.00136927481 
13           NO_ID   0.6110194274    1.498375157    10.06807752    464.7510106    29950300.79    3.561712421    14.68427585     2.47912679     10242.6941  0.00172200625 
14           NO_ID   0.5027359921    1.327236156     13.9583022    521.8902783    33745090.58     2.00024329    14.11149063     2.81291266     13138.3738  0.00544038558 
15           NO_ID   0.8526208991   0.9071852404    5.638804648    515.8190608    25154967.69    3.371359726    6.481560976     1.30194503     8609.45415 0.000336880497 
16           NO_ID    1.297008887    1.251784524    10.62917176    470.6540166    27465093.33    8.686338903    13.45276771     4.70034771     6446.54168   0.0010792058 
17           NO_ID    0.936588517    1.473134013    12.39741113    488.4311372    28680229.13     4.93954177    10.72470146      4.8348354     5459.43926  0.00144305803 
18           NO_ID    0.640866711   0.9814934924    6.175602653     547.954702    32429477.48    7.799015574    10.39232106     1.23178639     21708.2853  0.00100866334 
19           NO_ID   0.8214427875   0.8508776154    9.307119102    483.5756375    26610434.75    4.404001416    11.91091488     1.82045675     16619.0115  0.00306873435 
20           NO_ID    1.425744966   0.8632878766    9.100856796     475.624961    25818346.95    9.403478111     10.0720398     3.08319271     8902.56732    0.001355332 
21           NO_ID    1.429150802   0.7656374968    6.675722273    497.7957625    27729758.79    7.302285756    7.844148744     2.10429668     8419.64107 0.000543224849 
22           NO_ID    1.444910955    1.002343047    10.41195048    464.0547307    31506446.02    6.190383556    11.57046635     4.04962703       6557.091  0.00117667016 
23           NO_ID    0.646751323   0.5100654472    13.68101666    481.9257269    28110882.96    6.090722156    9.050249546     1.25868766     49400.2673   0.0416528536 
24           NO_ID    1.492322523    1.278258483    11.48741545    543.1728891    31661011.49    5.597399119    8.633571741     6.88807793     3304.18583 0.000587443282 
25           NO_ID    1.235038997    1.334033106    13.00815938    515.1035498    24414378.37    3.276128545    10.17475989     6.38872114     3743.56356  0.00133682013 
26           NO_ID   0.6753780609    1.115258353     10.2333894    469.5582514    27952213.01     4.17966423    9.622546708     2.09453524     11802.6842  0.00244165273 
27           NO_ID    1.108791374    1.392166406    5.743908829    535.6776315    25081290.71    7.017448108    12.33797263     2.74857948     5904.81693  0.00016740447 
28           NO_ID    1.282696145   0.5316970301    12.21465137    529.4600845    28482399.99    4.644282183    6.778105736     2.55245789     14400.5644   0.0090595705 
29           NO_ID   0.7730876833   0.5703552518    12.83131458    486.7301584    31259814.79    7.561685828    5.552682892     1.59363871     26557.1757   0.0130259172 
30           NO_ID    1.336687124   0.8323232299    5.238739494    495.3469227    33859101.63    9.285076228    12.01554931     1.67076094     11531.5529 0.000276420515 
31           NO_ID   0.6592948138   0.7853614532    12.60957999      548.82182    31292170.82    5.824303393    13.77581322     2.07365973     30562.7448   0.0128917726 
32           NO_ID   0.8971805653    0.700676504    7.076550237    452.5188022    30285313.16    6.319105478    10.48850911     1.16496237     21009.7771  0.00169464161 
33           NO_ID    1.369558963    1.403022699    8.230306999    535.9057446    32774886.62    3.875273684    6.232902063     4.90462877     2270.71808 0.000133876658 
34           NO_ID    1.156959133     1.30279536     11.3611749    502.2845068    29743107.96    7.554447849    5.827335136     4.97764032     4379.74846 0.000864350022 
35           NO_ID    1.162411772   0.7559730936    14.59413287    507.0480519     29048447.9    2.981060572    14.16311248     3.76313687      14543.004   0.0121189721 
36           NO_ID    1.173106334   0.6713565367    7.614377386    532.1109595    26170967.21    5.130512113    13.12873422     1.84664521     18229.9182  0.00251592378 
37           NO_ID    1.032724694   0.6292489497    14.85226236    476.9700988    26996356.45    5.902046636    13.57174135     2.66407894     25190.6415   0.0259360589 
38           NO_ID    1.223591116   0.6955605092    6.295934774    538.2471209     29343050.2    6.670399143    12.65221241     1.66905032     16666.8701  0.00106040964 
39           NO_ID    1.000316342    1.029033562    6.001661725    540.0387693    28168827.92    1.094492953    6.070239095     1.93072143     4076.19724 0.000174040654 
40           NO_ID    0.861871649    1.466593495    8.135446175    493.8952264    27238255.27    8.319633983    5.951578202     2.93917074     6508.34573 0.000721699837 
41           NO_ID    1.199044859    1.084458898    13.38134596    478.0190926    25993197.81    4.296981005    14.34673882     4.81337649     7757.99867  0.00356152644 
42           NO_ID   0.8355261921   0.9658170529    10.49118713    511.7631594    26364638.42    6.539144176    6.342260992     2.50729164      10701.655   0.0025128096 
43           NO_ID    1.481489442      1.4327472    8.559742583    499.6845197    31008349.54    3.575418768    11.09297701     5.25389018     2870.77579 0.000215125394 
44           NO_ID   0.8816100289   0.8149046295    11.08120137    539.9923626    24711034.49    8.976710101    7.910489101     2.48779181     16610.7942  0.00508676882 
45           NO_ID    1.391945335    1.092483714    8.881236763    491.0093259    25379170.86    7.292999702     5.39440702     3.83757258     4015.51607 0.000427053508 
46           NO_ID    1.025326095    1.061830719    6.557137885    520.5955614    33553060.46    4.756139597    8.560271905     2.15074209     6999.28346 0.000272841523 
47           NO_ID    1.413846557    1.262505785    13.85315902    452.8994957    33374112.51    2.606330626    8.868338254     6.48100824     2980.79966  0.00102010648 
48           NO_ID   0.6254282258    1.170840025    12.50526831    510.4788209    30698566.18    9.978635692    7.059301175     2.70521659     18012.9913  0.00905596639 
49           NO_ID   0.9777523236   0.6272759423    5.369614805    467.4194553    32656201.62    1.710991858    14.72949436    0.890827607     24683.6087  0.00115878428 
50           NO_ID   0.9643297595   0.9937992092    11.71783658    465.9384636       26549990    9.521980401    7.169863525     3.02800424     10698.8839  0.00317482892 
51           NO_ID    1.248531465   0.7933330024    6.997119942    517.9601584    27332990.89    5.393474104    13.34675768     2.07743263     12807.7615  0.00108754039 
52           NO_ID   0.9156893134    1.148324439    5.872446688    507.3591361    24001335.51    1.304151026    11.83736932     1.81302413     6694.73259 0.000292427289 
53           NO_ID    1.126988945   0.6092364618    7.812933474    457.5058309    32127222.46    8.806430014    12.91509723      1.4202754     25353.4793  0.00306835129 
54           NO_ID   0.5374586967   0.5830504133    7.286601216    513.7965025    24522538.45    6.853846845    12.18527533    0.678927827     64432.4297  0.00865658385 
55           NO_ID   0.9052892966   0.9228532974    5.105503293    471.9527806    33631285.83    2.365785561    12.83252848     1.16496647     11863.2467 0.000290660709 
56           NO_ID   0.9436570493   0.6437115603    13.16822243    503.3900666    28397496.86    3.148698184    11.70458589     2.33020191     21255.9855   0.0150732035 
57           NO_ID     1.30452623   0.8966361539    9.678009058    545.8861833    24936699.24    2.118745692    6.576513909     3.57613126     4595.49281  0.00102859873 
58           NO_ID    1.129648303   0.7275649419    12.08050868    544.7393526    32909439.21    8.123573181    9.528232292      3.1300066     14810.1839   0.0049778342 
59           NO_ID   0.8001843933    0.674061244    7.241430888    509.1696069    30502494.61    2.908069133    8.144629569     1.15088667     17483.8146   0.0017072286 
60           NO_ID   0.7696561806    1.428314353    9.816894937    480.9990712    30099756.62    1.617348906    8.839039439     3.00396733     4524.56105 0.000585694145 
61           NO_ID   0.7451259336    1.218360728    9.165543963    518.6500091    32202554.32    7.140463182    7.354341216     2.49743657     10322.9347  0.00145195611 
62           NO_ID    1.264830683    1.142744021    8.647364752    474.1720037     29509766.8    3.770728611    7.443267034      3.4297092     3941.41221 0.000374031222 
63           NO_ID    1.379563981   0.8761381206    14.41676492    525.1292597    30999081.05    1.413981635    9.887545705     5.29547254     6110.91468  0.00412728793 
64           NO_ID   0.5213951952    1.357912481    9.562566473     541.684997    26020347.91    5.723339692    11.18391136     2.12234675     16282.0604  0.00415968895 
65           NO_ID   0.5969336941   0.5920305822    14.00664737    504.7016075    27608703.35    8.386158815    8.083189812     1.44575725     47031.9587   0.0371200682 
66           NO_ID     1.09626124   0.9440135279    10.73608183    530.4100892    28716322.65    9.785928053    14.91230371     3.41040635     14333.9601  0.00309965505 
67           NO_ID   0.7114553168   0.8056714567    8.369092092    454.3626832    29236946.11    2.224222084    7.711903367     1.26137109     13292.0474  0.00177232914 
68           NO_ID   0.5545405492    1.197028059    9.975858142    478.9323082    26851494.04    8.916681931    5.644181778     1.83534748     18795.9161  0.00651946935 
69           NO_ID    1.464973137   0.9301699188    7.570082119    533.1043817    27054445.47    6.477700087    10.88872512      3.1824461     7101.28224 0.000609155125 
70           NO_ID   0.7908259611    1.014382344    12.88775071     526.029089    24795128.37    1.872066004    14.51403388     3.14721019     12472.3103   0.0062071548 
