%eval_id interface              w              t              L              p              E              X              Y           mass         stress   displacement 
1            NO_ID    1.157088616   0.8214092809    4.550902555    464.3973861    28898712.39     59.9958393    93.56070879     1.16243798     104637.499  0.00200028262 
2            NO_ID    1.028010685   0.9639081974    5.826941029    401.2393158    26188761.16    52.52167199    119.2609215     1.34070636     105852.633  0.00419751729 
3            NO_ID    1.082266572    1.038593502     5.24494489    424.0353139    26826083.83    42.74393751    92.96708908     1.44670194     68862.9722  0.00179139959 
4            NO_ID    0.953895064   0.9944245023    4.180245167    416.6677453    34178929.78    55.01395442    106.0423303    0.956137422     103930.358  0.00110945325 
5            NO_ID    1.049074214   0.9378547728    5.302376469    516.7574553    34541406.75    53.11238287    117.1127786     1.56011056     107025.878  0.00248499502 
6            NO_ID    1.017546826   0.9556706251    5.543580372    445.2334195    34765519.58    45.32254003    84.39434584     1.38898324     81969.1108  0.00206099853 
7            NO_ID    1.116218907    1.086958133    4.700103796    496.7371113    25239533.67    43.33507792    106.5745427     1.63927762     67686.5211  0.00131118652 
8            NO_ID    1.125791067    1.033643741     4.86773184    434.1836455    23996670.03    42.36417958    87.08940229     1.42326263     62845.4823  0.00145557552 
9            NO_ID   0.8580428218    1.139115285    4.577181603     518.273075    25176574.84    49.16278357    92.30140979     1.34180589     84913.4947  0.00152081187 
10           NO_ID   0.8844673576   0.9475738759    5.270665787    440.2397904    30256959.11     40.1600424    108.8183458     1.12539744     114720.317  0.00303983058 
11           NO_ID   0.8883221381    1.010586424    4.127339968    521.6531067     24442731.3    57.59562912    86.82380032     1.11854188     100755.007  0.00143607975 
12           NO_ID    1.161935162   0.8855442758    4.514651945    540.8579353    29566708.16    55.87809008    109.8092412     1.45397158     100350.852   0.0017666191 
13           NO_ID   0.8639399047    1.018812136    4.677361576    530.6799631    33457287.51     56.6146174    117.6425548     1.26435066      123382.82   0.0018955635 
14           NO_ID   0.8932923044    1.078414838     5.12869247    534.5058847    30993476.63    56.93917145    109.6551159      1.5282516     103030.676   0.0021370344 
15           NO_ID    1.105976212     1.19958059    5.462071111    491.8659773    29066981.78    54.63698396    85.94233726     2.06269783     54742.3917  0.00126060432 
16           NO_ID   0.8080816789    0.933907493    5.872404153    525.3610352    30828554.91    53.56735874    97.25254362     1.34737715     135495.379  0.00481974913 
17           NO_ID   0.9076793088     1.02753061    5.947339867     460.567646    32918611.09    45.82618472    118.8198463      1.4784262     106869.834  0.00344048075 
18           NO_ID    1.000373997    1.099827756    5.797595406    512.1035297    33639208.28    47.89932474    93.91369308     1.89037953     72677.4066  0.00192087512 
19           NO_ID    1.057036684    1.164040927    5.622565667    577.5941728    23369562.92    56.20198616    98.20529675     2.31244766     67066.6922  0.00218136487 
20           NO_ID    1.174727319    1.071576353     4.07587513    436.8208843    32618295.16    41.14943391    103.4966563     1.29700221     62731.8562 0.000626232025 
21           NO_ID   0.9609937088    1.066283778    4.477119168    565.4186754    28568350.08    52.23165687    91.71291477     1.50113037      82188.666  0.00120806179 
22           NO_ID   0.9742557462    1.186692222    4.144053214    550.5145395    32334285.01    49.78858706    107.4816846     1.52637573     73525.6213 0.000705217991 
23           NO_ID    1.190278891   0.8637350508    5.912112015    418.1756316    31569712.84    43.64310617    80.02928558     1.47091275     75473.0075  0.00284238228 
24           NO_ID   0.8432512272   0.8371160347    4.975291613    528.3155075    23238840.83      45.430972    96.24878407     1.07376886     143521.298  0.00454902232 
25           NO_ID   0.9174118991    1.094104095    5.394777522    412.8718293    28788815.97    58.94954855    114.5702057     1.29380273     101005.241  0.00257762211 
26           NO_ID   0.8131792985    1.080893044    5.635775675    544.3250736     31859005.2    58.60658425    85.34745822     1.56040501     103097.582  0.00293674394 
27           NO_ID    0.819860077    1.125405845    4.946428326    447.0338965    26446802.28    40.66484348    108.4651272     1.18069396     94927.2687  0.00208013508 
28           NO_ID   0.8003825441   0.8715290113    5.674379739    482.8989123    33424612.75    47.53668051    95.60370789     1.10614062     145441.082  0.00457990448 
29           NO_ID   0.8395309196    1.056977165    4.432506043     478.573985     23546491.8    41.71452359     96.7848686     1.08932378     95511.2035  0.00174917134 
30           NO_ID   0.8745777431    0.973378459    4.349272628    503.3386682    26318887.39    54.53407263    100.7089244     1.07848309     116869.942   0.0018799158 
31           NO_ID    1.152992393   0.9670684334     4.62339982    421.6692448    31578188.29    46.15174433     113.365034      1.2579787     84618.8707  0.00141565245 
32           NO_ID   0.9137496613   0.9087390415    5.340498011    428.6621667    32971246.26    44.89114686    80.92449169     1.10006815     99845.7823  0.00248741752 
33           NO_ID   0.9570874682   0.9071920957     5.03392019    509.8532044    24125839.48    47.04457193    115.8751777      1.2896107     122232.691  0.00365058862 
34           NO_ID    0.852814324    1.146782595    5.110865617     500.456678    27888132.26    55.57533174    88.29061184     1.44761406      87213.431  0.00199150092 
35           NO_ID    1.031142003    1.193233141    5.422770012    593.5772023    32466214.85    41.69956059    87.68079985     2.29191467     55553.9036  0.00116581721 
36           NO_ID     1.18333266   0.8089377969    5.213855586    455.6185998    23060520.28    50.48323448    100.1798955     1.31594787     104364.272  0.00403939902 
37           NO_ID    1.094648281   0.8753596011    5.153801925    539.6202118    34989804.31    44.45636556    102.6102726      1.5421737     98829.9195  0.00226943531 
38           NO_ID    1.016191752    1.153216213    5.358152217    548.4309655    29979998.62    42.88806162    110.7524534     1.99287327     70779.3698    0.001629863 
39           NO_ID   0.9693745823    1.004151188    5.689014064    557.9946418    23704154.06    50.79039611    104.4569036     1.78819152      96416.875  0.00372971574 
40           NO_ID   0.9980474733    1.178645922    4.317369601    407.6945198    28204096.75    56.36477451    90.83434381     1.19824306      68113.581 0.000838959708 
41           NO_ID    1.059465526    1.169599312    4.087257748    571.6333746    27370751.39     51.4659593    98.87070861     1.67544354     64452.7775 0.000689257798 
42           NO_ID   0.8691165568   0.9805448676    4.838981449    485.8695778    24326497.29    54.13135732    84.97249507     1.15951246     104862.908  0.00248752587 
43           NO_ID   0.8230399559    0.805711142    4.234709229    403.1083537    30397050.52    44.69861321    102.0650644     0.65509147     163755.661  0.00256949427 
44           NO_ID   0.9821970666   0.9225965584    4.282892411    590.2746048    33278345.88    55.30946624    112.1324046     1.32573887     117760.476  0.00149717128 
45           NO_ID    1.035725015    1.015619802    5.583416324    426.9276987    27540203.97    59.35769348    94.54545871     1.45106288     85788.3451  0.00257319054 
46           NO_ID   0.9252352965    1.132578421    5.027124853     473.350869    26036731.45    49.04887956    116.1677551     1.44304405     89081.8122  0.00199602855 
47           NO_ID   0.9017924902    0.859938439    4.507452574    552.2195516    30126486.68    43.77484637     104.797748     1.11705147     131846.561  0.00237691299 
48           NO_ID   0.9932395643    0.889843055    5.939980491    580.8707677    26997819.94    47.17671662     81.8849847     1.76477047     94715.0962  0.00400291803 
49           NO_ID   0.9272608166     1.17178243    4.406161802    408.9953447    27186645.96    40.48755936    89.75627553     1.13314101     66409.4149 0.000933198391 
50           NO_ID    1.109272583   0.9846651009    5.539856602    532.3051962    33899948.92    58.38512072    114.9204565     1.86398458     93023.7778  0.00234491233 
51           NO_ID    1.194435384    1.061032726    4.386287644    555.9521207    31314680.91    48.57561151    101.2783395     1.78847223     64444.3019 0.000818162988 
52           NO_ID    1.131768369   0.8237081875    4.652906989    453.8544129     31144323.7    50.26581206    91.13096282     1.13927385     99790.2139  0.00194191513 
53           NO_ID   0.8328790202    0.816443647    5.185099967    595.4508013    25811350.92     48.0298119    99.70768678     1.21497521     158639.938  0.00523654243 
54           NO_ID    1.005866859   0.9920272548    4.756327992    466.8134796    33993741.35    53.95862045    107.2841958     1.28214029       97283.61  0.00153990145 
55           NO_ID   0.9457000833   0.8502950478    4.772472584    490.8551877    25641698.43    53.34424612    83.28594489     1.09012467     115173.726  0.00273545517 
56           NO_ID    1.078345249    1.105634084    5.850300992    584.3359905    28378679.19    40.85796448    119.7400039     2.35866551      73569.489  0.00246339356 
57           NO_ID   0.9387418156   0.8947732927    4.892077645    577.1101789    34370310.04    51.41344757    89.33734661      1.3723583     110442.271  0.00204259441 
58           NO_ID    1.090601748     1.11071536     4.20061166     476.202328    24944950.93    51.86286485    88.82263894     1.40226236      63164.278 0.000825874866 
59           NO_ID    1.071447693   0.9198672315    5.073459768     457.157765    29694180.88    49.51568437    98.35698178     1.32288687     93226.8384  0.00221294904 
60           NO_ID      1.0663911    1.043987803    5.984345085    570.1143981    25440299.17    57.82372229    105.3446881     2.19809692     83605.4421  0.00330561339 
61           NO_ID    1.146275987   0.9311581544    5.488749643    560.9746979    30660794.57    46.40794803    81.57745651     1.90189091     72006.0303   0.0020311201 
62           NO_ID    1.100627259    1.126506591    5.767686936    469.6122712    29459957.86    59.58230581    82.31020619     1.94344108     61555.9389  0.00171037553 
63           NO_ID   0.9360497529   0.8303016779    4.033617955    508.3732126    26691584.12    57.22027781     118.059004    0.922292189      156960.87  0.00231924357 
64           NO_ID   0.9862731932    1.047264763    5.737173491    451.1094287    32150337.83    48.51542311    103.3888317     1.54699842     85922.1209  0.00242587508 
65           NO_ID    1.177195583   0.8431872806    4.288490709    599.5246052    27659313.92    42.23920144    94.91591792     1.47686371     89733.8934  0.00157356319 
66           NO_ID    1.139881046   0.8982903596    4.937062291    482.1944468    24769741.88     58.0250863    113.9677611     1.41066322     104171.518  0.00281130673 
67           NO_ID    1.040747527   0.8520125383    4.813955105    587.4524786    28077489.75    44.16336644    111.7685917     1.45118377     117476.221  0.00285470988 
68           NO_ID   0.8479566817    1.119432429     4.00198572    567.1284979    32009187.21    50.95385561    83.85459782     1.24676562     85331.2291 0.000822417765 
69           NO_ID    1.167830552      1.1591531    5.446746631    498.3838158    24567178.07    52.60927086    113.0725367     2.12656176     63203.1551  0.00179921975 
70           NO_ID     1.12310028   0.9531268651    4.739101702    437.4527301    29262807.09    46.66504513    110.9457865     1.28425915      88533.461  0.00173435256 
