2
 40   200
  185  157   42  177  156  101    2   42    5  190
  120  104   56   46  188   45  117  112   32  197
  145  115  159  172   83  139  115  196  104  169
  177   68  145  146  157  156  123  159  141   86
  139  115  143  108  188   79   25   93   36  143
   64  120  146   71   35   56   58   26   30  153
   76   84   59   28  109  131   99  148   33  188
  194   46   84  162   70  173  159   90   89   79
  121   16   23  117  159   11  200   46   85  117
   25  176   81  178   15   89   92   99   22   42
   61   47  158    8  163   92  142   99  129  199
  193   34   14  180  119  166    9   66   55   53
  131  175  184   47   29  187  190  134   64  146
  136  174   58   84   33   11   67   96  160   84
   63   81   65   28   85    7   57   93  149  144
   51   14  182   36  194  186  121   52  158  171
  103   18  169  177   30  162  132  156  187   70
   72  168   42  139    5  103   65  117   95  138
    3  167   36  173  132   17  118   95  119  150
  143   21  183  148   50   51  130   99  114  136
  136  114   99  130   51   50  148  183   21  143
  150  119   95  118   17  132  173   36  167    3
  138   95  117   65  103    5  139   42  168   72
   70  187  156  132  162   30  177  169   18  103
  171  158   52  121  186  194   36  182   14   51
  144  149   93   57    7   85   28   65   81   63
   84  160   96   67   11   33   84   58  174  136
  146   64  134  190  187   29   47  184  175  131
   53   55   66    9  166  119  180   14   34  193
  199  129   99  142   92  163    8  158   47   61
   42   22   99   92   89   15  178   81  176   25
  117   85   46  200   11  159  117   23   16  121
   79   89   90  159  173   70  162   84   46  194
  188   33  148   99  131  109   28   59   84   76
  153   30   26   58   56   35   71  146  120   64
  143   36   93   25   79  188  108  143  115  139
   86  141  159  123  156  157  146  145   68  177
  169  104  196  115  139   83  172  159  115  145
  197   32  112  117   45  188   46   56  104  120
  190    5   42    2  101  156  177   42  157  185
 14
 24 25 27 37 69 75 103 125 135 149 157 163 168 198
 9
 79 89 106 107 126 135 150 152 175
 5
 31 44 141 166 177
 7
 32 67 86 112 131 149 192
 10
 2 13 25 43 102 117 122 141 147 162
 8
 6 7 13 30 74 99 155 186
 11
 2 49 62 67 84 87 100 121 125 159 195
 11
 1 27 32 33 46 79 100 150 154 157 177
 12
 17 45 62 76 85 95 110 125 151 156 187 190
 6
 53 78 139 153 175 179
 9
 5 11 28 34 66 73 94 148 156
 7
 12 22 111 140 155 171 179
 8
 18 29 42 82 96 144 180 184
 7
 8 16 39 88 92 101 143
 15
 1 18 29 35 42 61 64 76 81 103 108 118 123 134 167
 11
 25 30 38 52 70 80 120 128 176 181 196
 9
 17 55 71 165 166 169 178 183 200
 7
 3 15 64 116 132 178 183
 7
 19 49 83 151 161 172 200
 9
 23 38 69 114 136 145 148 186 196
 12
 3 21 26 28 40 50 105 138 144 146 170 191
 12
 19 29 43 51 68 71 101 139 145 168 178 190
 8
 22 34 35 54 90 122 174 184
 10
 6 9 45 91 98 104 113 143 161 199
 12
 4 20 31 51 60 71 77 97 130 169 189 199
 10
 9 10 29 74 75 111 118 135 171 197
 11
 40 48 58 93 125 140 142 153 159 175 182
 8
 21 66 78 89 102 105 133 158
 5
 68 162 188 190 193
 7
 48 60 109 164 185 189 195
 8
 4 5 14 87 127 133 137 170
 10
 33 42 63 94 108 114 115 116 173 182
 6
 36 41 124 147 172 174
 10
 10 23 37 47 61 85 98 131 163 164
 5
 24 41 46 59 180
 10
 11 39 56 75 80 81 110 121 129 130
 13
 52 53 91 92 93 109 119 123 127 135 138 160 167
 9
 59 65 70 72 90 126 158 160 175
 11
 12 38 50 57 77 96 112 113 128 194 197
 6
 72 99 104 107 134 191
