2
 40   400
  128  314  146  165  290  112   64  115  147   17
  369   63   72  256  132  359  227   20  178   62
  128  184  234  130  202  102  249  283  376   11
   45  150  149   81  218  192   31  101  218  337
  170   46  175   46  130  324  159  333  198  191
  298  215  319  396  236  128   11  119  397  258
  170  380  287  212  320  371  396   77  133  319
  185  394   17  305   92  117  268  382  256  371
  276  269  110  332  265  317  186  299  350  187
  137  348   82  253  302  259  314  209   72  174
  254  192  215   49  281  143  146  261   33   75
  296   28  272  337  279  375  135   48  145   15
  216   86   28   40  362  346  134  269  186  314
  140  365   79   55  348  251   85  102  308  302
   82   16  297  321   36  203  244  222  360  166
  317  122   72  102  211  251  115  188  290  237
  387   91  290  303  366  294  156  316  200   79
  290  287  321  270  312  213   46   80  179  263
   10  124   73  235  302  280  111  303   13   49
  390   59  263  128   91  317   19  191  228  400
  293   78  208  372   65  173   17  181  243  191
  364   61  353  350  101   54  168  188  144   25
  353  142   78   77  172  231   54  132   31  389
  335  345  167  120    6  241   24  213  379   41
  201  250  122  362  192  192  372  299  213  212
  322   30  311   75  328  149   54  343  199  340
   86  126  191  214   45  227  159  291  212  124
   14  327   80  316  103   18  191  227  392   62
   45  223    9  296   64  242  311  356  375  289
  260  197  342  372  168  102  148  118  354  328
  164  304   65  300   32  291   79  293  307   76
  342   51  140  254  196  195  315  153  119  253
  132  270  136   78  391   30   37   97  331  323
  392  384  195   82  251  383  229  170  292   68
   77  340  100  298  120   92   87  191  318  168
  386   48  398  200  374  365   90  332   55  300
  207  326  226  269  175  137  108  114  157   77
  333  206  260    4  183  152  358  311  173   39
  223   93   24  123  189  126  268  112    5  264
  311   76   14  102  340  172  337   85  163   34
  114  147  143   27  159   91  147  217  343  285
  142  206   27   14  398  256   48  246  189  307
  221  199  249   88   10  302  211  347  289  102
  336   88  119  320  298   25   66   45  384  237
   59  163  259  248   56   71  333  327  386  333
   14  227  257  240  370  127  260   23  268  143
  161   60   56  180   45  204  148   63   99  283
  141   45  391  137   74   49  255  330  308  331
  182  214   50  309  284  203   15  121  210  123
  313  132  168  109  383  159   51  370  105  310
  125  185  106  100  392  215  211  380   23  211
  116  177  107  188  254  382  263  229  323  361
  113  370   38  112  275  169  182  137  384  306
  166  239   92  394   71   68   45  388  220  122
  396   82  298   87  105  142  284  284  320  102
  231   50  118   92  224   25  320   46   76  376
  259   79   28  217  221  248   33  173  240  136
   91  279   65  287   14  398  143  227  235  249
   24  317  309   21  111  126  317  366   54  394
   28   43  130   32  287  310  338  169  225  179
   54   57  310  266  210  392  122  305  236  305
   61  266   82  247  398  330   58   32  246   76
   42  383  165  392   94  304  242  112  118  172
  230  317  229  127  286   11  159  216  118   74
  333  349   52  151  109  351  198   53  108  305
  204  311  339  300   55  395  315  120  380  367
  233  138  400  180   50  140  365  243    3  155
   94  159  352   96  194  108  208  277  217  305
  210  121  280  334   51   58  355  244    3  332
  368  182   87  319  287  296  291  371  117  230
  182  115  345  201  218  196  276  171  220  106
  112  290  396  334  223   64  142  265   97  393
  131  245  399    5  217  355  297  183   34  354
    3  208  126  266   75  248  374  394  252  381
  205  252  103  194  230  137  212  196  250  288
  267  336  158  133  332  113  217  116  282   55
  164    5   20  189  265  355  176  217  155  336
  264   93  262  200  191   50  270  267   78   58
  271   27  119  121  307  106  340  374  179  117
  230  303  290  340  399    4  312  234  233  316
 20
 13 35 43 61 66 78 80 96 116 157 171 208 224 234 280 290 334 342 355 368
 17
 155 169 181 228 257 275 279 283 290 297 312 332 336 359 379 389 397
 24
 27 29 81 87 89 92 95 106 115 117 132 172 200 201 210 217 253 277 306 314 342 344 364 386
 15
 28 39 75 83 102 111 118 135 220 263 294 300 322 341 365
 18
 1 3 32 55 96 107 125 129 168 174 244 288 292 310 323 338 358 387
 15
 21 36 48 52 55 122 137 208 216 222 281 325 327 370 388
 10
 42 95 158 204 209 229 238 271 293 337
 17
 2 44 64 77 84 94 116 128 147 203 227 262 287 294 295 322 358
 26
 8 14 26 34 45 56 121 124 141 176 198 244 250 251 278 282 300 317 318 332 348 354 369 392 393 397
 17
 5 34 64 126 132 154 160 178 210 255 259 260 266 269 317 358 369
 14
 20 62 74 91 143 265 278 291 329 330 336 346 353 373
 18
 37 54 56 91 92 98 101 103 181 206 240 255 267 273 281 320 338 356
 20
 26 27 35 37 60 79 97 120 143 154 164 208 249 251 272 309 312 328 387 392
 30
 1 72 74 79 81 86 93 117 121 142 144 148 153 196 199 232 233 242 245 272 286 290 319 346 352 356 375 385 390 397
 26
 8 23 50 63 66 71 78 101 115 156 159 162 170 185 190 195 196 199 229 267 277 304 357 360 394 395
 20
 15 16 54 65 108 136 140 165 189 221 240 247 263 268 340 345 361 378 385 394
 15
 7 44 63 67 87 110 125 157 209 285 301 305 317 339 343
 28
 30 37 41 48 61 90 135 137 151 159 161 175 177 187 188 192 214 226 228 235 241 298 316 331 340 362 378 382
 17
 32 37 40 48 69 176 183 191 211 225 235 274 289 296 324 335 372
 16
 22 37 76 97 150 231 248 288 299 320 329 337 347 350 363 381
 23
 6 17 22 50 59 64 78 86 98 122 140 153 166 185 217 219 223 225 234 309 323 360 391
 22
 2 23 24 53 67 77 90 102 115 129 177 179 233 256 259 275 295 296 299 311 334 355
 14
 3 47 51 84 106 120 123 186 230 271 273 301 361 399
 24
 33 47 85 100 105 138 163 164 167 182 203 206 214 215 226 314 348 349 374 376 384 388 390 396
 17
 21 25 29 40 57 68 74 104 112 113 134 163 169 188 191 270 296
 23
 11 54 85 114 133 144 152 155 170 183 205 207 222 253 266 272 282 306 325 330 333 352 358
 20
 19 20 46 70 82 88 119 149 165 171 180 193 204 215 257 268 284 287 307 398
 29
 18 28 35 43 99 110 111 150 152 161 169 205 213 219 232 241 252 256 258 264 270 310 321 324 344 345 367 370 400
 26
 6 15 16 80 108 131 139 147 148 172 200 212 213 216 218 236 238 250 254 303 326 328 351 359 365 366
 19
 82 105 127 138 139 180 235 237 246 253 257 283 284 303 313 315 320 343 354
 17
 7 49 59 71 118 133 186 224 230 231 254 301 306 318 368 377 379
 16
 4 9 37 49 126 149 166 188 230 243 252 302 308 328 339 395
 13
 12 93 130 146 179 195 223 239 242 247 302 335 377
 24
 9 31 42 53 60 81 100 114 127 130 141 160 172 173 187 261 279 292 319 341 353 366 372 387
 17
 5 10 52 66 105 113 136 145 151 156 184 249 291 297 313 364 371
 21
 39 69 70 89 107 120 153 161 182 190 194 230 248 274 321 347 349 351 362 371 394
 21
 11 13 23 86 99 125 157 158 174 185 239 242 246 262 276 315 316 350 355 357 375
 25
 16 38 41 43 58 84 103 131 134 167 168 201 202 237 260 284 293 294 311 367 376 380 383 384 399
 16
 64 88 109 119 145 202 211 245 258 261 264 298 304 359 379 381
 13
 62 73 128 196 197 198 293 308 333 373 376 391 400
