2
 10   100
   69   69   81   81   81   81   81   81   81   62
   62   62   62   62   62   62   62   62   62   62
   62   62   62   62   62   62   62   62   62   62
   62   62   62   62   62   62   62   62   62   36
   68   68   39   39   39   39   39   71   71   71
   71   71   71   71   71   71   71   71   71   71
   71   71   71   71   71   71   71   71   71   71
   71   71   71   71   71   71   71    5    5    5
    5    5    5    5    5    5    5    5    5    5
    5    5    5    5    5    5    5    5    5    5
   21   21   21   21   21   74   74   74   31   31
   31   31   31   31   31   31   31   31   31   31
   31   31   31   31   31   31   31   31   31   31
   31   31   31   31   31   31   31   31   21   21
   21   21   21   21   21   21   21   21   21   21
   21   21   21   21   21   21   21   21   21   21
   21   21   21   21   21   21   21   21   68   68
   68   68   68   68   68   68   68   68   68   68
   68   68   68   68   68   68   68   68   68   68
   68   68   68   68   68   68   68   68   46   46
 36
 5 6 7 11 14 15 17 22 24 27 38 39 41 43 48 55 58 65 67 68 70 74 77 78 79 80 82 84 85 88 92 93 94 96 98 99
 36
 1 2 4 5 8 14 15 19 21 23 26 27 31 42 46 47 48 50 51 52 56 57 59 65 70 72 75 78 79 83 87 90 91 93 95 97
 21
 3 10 16 18 29 30 35 39 40 54 55 56 58 63 72 74 85 88 95 96 98
 39
 7 9 10 11 13 17 18 19 20 22 25 28 30 36 45 50 56 57 59 61 62 64 66 67 69 70 74 78 80 81 82 85 86 87 90 91 93 97 100
 33
 1 4 6 13 16 17 18 20 21 23 26 27 29 33 34 36 45 47 53 55 57 62 70 71 73 75 77 78 79 81 87 89 94
 26
 1 2 3 6 7 12 15 23 28 31 35 38 42 44 60 66 68 69 71 72 73 75 87 91 94 98
 24
 11 12 25 34 37 39 43 51 52 53 54 60 64 65 73 76 77 80 83 84 86 89 92 97
 29
 2 4 6 8 9 13 16 19 21 27 30 31 32 37 41 49 52 61 64 74 75 76 81 86 90 91 92 96 99
 28
 5 7 8 12 14 22 24 25 26 29 32 33 35 36 38 44 46 50 51 53 61 62 63 71 76 82 83 88
 27
 5 9 10 20 21 24 33 42 44 47 48 49 54 58 59 60 68 69 70 73 77 79 84 86 89 90 93
