2
 80   800
  652  765  438   94  447  136  676  793  549  717
  352  723  641  315   82  562  367   52   61  169
   31  283  266  654   54  498  517  515  779  619
   90   39   92   53  765  758  589  671   48  170
  640  224  365   18  465  596  790  683  229  520
  583  203  559  531  624  386  507  789  719  275
  264   54    7  710  573  295  798  316  429  489
  371  643  304   41  542  210  639   36  343  391
  571   79  679  143  442  172  255   79  325  767
   12  629  704   75   60   57  335  439  778  648
  396  641  705   61  189  190  748  277  309  663
  419  624  753  103   93  353  550  486  105  283
  671  590  146  344  410  143  440  452  523  242
  796  535  694  209  513  491  223  172  559   60
   42  229  482  625  736  781  438  290  658  126
  273  771  328  654  347  477  429  412  565  403
  581   40  794  224  246  175  247  694  427  285
  119    2  789  213  300  339  556  135  421  299
  108  493  660  295  203  197  561  747  102   56
  329  637  140  761  131  406  112  520  670  388
   40  753  214  581  659  256  727  494  481  248
  514  305  306   21  516   18  607  681   90  619
   54   63  676  772   37  354  578  289  439  757
   74  298  639  106  767  603   74  218  746  422
  334  573  663  465   18  509  706   12  195  493
  378  703  203  608  663   38  475  477  793  493
  541  698  389  378  208  765  757  571  282  419
  435   74  359  584  540  171  432  785   15  769
  105  159  556  235  132  707  753  586  673  633
  326  745  678  366   68  743  583  518  709  484
   38  113  439  117  591  576  570  393  469  279
  157  706  541  182  653  295  479  113  132  610
  172   88  322  132  271  419  694  288   31  346
  596  417  746  341  624   19  798  106  256  485
  655  223  721  323  366  556  457  180  692   37
  223  125  346  449  680   33  323  603   93  678
  235   24   50  747  183   85  259  672  694  345
  230   35  597   89  481   92  317   59  648  784
  660  128  701   21  109  650  332  192   92  408
  739  675  233  221  339  509   16  786  350    5
  293  424  761  694  700  378   38  497  313  771
  289  450  367  240  777  543  589  512  364  611
  354  217  204  351   67  264   38  123  431  722
  353  153  130  753  768  370  147  258  466  132
  719  128  136  654  206  764  734  123  298  123
  633  450   37  163  541  255  618  444  693  641
  251  100  735  698  496   67   67   85  173  523
  184  455  220  306  645  143   59   62   49  377
  514  460  322  411  213   79   65  505    5  316
  690  627  305  244  385  141   18  530  563  575
  225  337  338  298  375  429  147  790  526  111
  729  405  560  399  458  269  120  596  529  488
  270  582  378  683  276   12   59  496  770  524
   54  724  458   39  796    7  652  110  363  666
  789  409  790  710  502    7  365  724  661  110
  166   59  327  611  470  443  420  674  220  262
   92  512  270  322    2   61  176  456  743  317
  702  526  330  432   21  452  675  245  661  379
  568  382  563  175  368  139  322   27   83  707
  550  165  233  412  386  263  780  747  751  293
   97  645  180  737  441  799  509  668  661  315
  623  257  546  449  289  369  711  593  438  580
   21  671  116  242  793  677  718  327  233  687
  750  104  584  667   71  198  152  398  565  121
  604  535  656   49  525  671   73  529  778  258
  493  282  304  572  709  722  525  214  113  599
  567  220  712   46  600  637  384   31  464  668
  376  762  421  545  417  488  308  592   36  711
  763  315  728  200   53  200  796   99  652  666
  281  249  418  240   48  353  702  669  361  785
  799  276  420  737  139  778   51  722  693   83
  682  190  271  360  416  655    1  465   39  302
  239  530  300  332  336  175  730  480  226   63
  303  168  520  435  104  769  420  732  683  609
  601  384  523  171  663   64  354  120  652  264
  585  694   15  604  497  111  567  380  637   56
  795   16  361  563  626  129  489  125  446  656
  264  441  128  448  316  207   83  100   95  199
  626  621  149   75  414  748  523   50  734  360
   17    7  767  359   48  399  546  455  372  363
   64  672  312   62  223    5  353   53  364   94
  752  784  702  142  552  677  441  568   92  587
  781  660  103  271  395  133  743  166  523  728
  466  424  611  412  734   52  161  638  455  201
  793  418  629  688  177   31   92  290  684  772
  194  629  749  355  618  515  784  428  475  587
  204  675  446   20  136  424  798  528  788  527
   26  309  630  605  131  686  561  205  214  785
   60  192  279  393  407  171  398  265  546  657
  311  412  453   66  467  649   64   32  117  748
  387  348  573  440   38  101  609  414   18  334
  667  602  283  663  377  120  682  508  383  672
  655  129   71  518  294  374  562  520    6  483
  180  332  341   27  412  106  496   50  760  153
  670  326  584   81  596  419  666  336  413  431
  783  646  209  544   98  703  482  242  581   66
   33  756  261  343  392  134  355  282  763  526
  493  423  196  586  718  182  770  203   82  226
  523  745  657  629  617  363  287  585  367    2
  626  392  190  463  224  662  177   14  781  513
  670  110  384  395  174  784  132  789  455  238
  130  485   65  104  385  680  591  640  297  124
  275  708  737  258   79   70  300  615   17  263
  317   82   21  394  456  424  131  383  752  336
   66  121  625  748  455  418  194  573  578  382
  520  519  246  544  199  358  359  708  258  382
  160  752  253   28  102  205  198  654  697   21
  531  106  146  456  559  432  458  511  569  284
  669  451  490  697  425   18  795  296  438   43
  166   88  592  221  407  645   64  387  190  702
  110  241  445  461   72  302  706  662  599   41
  366  119   42  132  108  415  656  744  357  118
   68  450  139  701  525  557  148  182  468  389
  747  518   86  301   90  568  769  279  211  450
  316   91  197  471  194  421  755  441  541  289
   14  520  236  713  395  500  391  327  540  625
  551  297  758  608  201  189  629  560  374  155
  496   88  510  365  791  537  147  747  170  261
   11  707  245  545  522  235  578  405  470   71
  387  325  738   18  797  538  181  361  798  739
  525  422   47  745  542  202   61  229  504  683
  765  545  467   25  130  352  343   57  119  301
  664  685  664  243  597  288  167  792  763  491
  345  666   98  386  155  402  168  619   64  109
  288  699  544   66  702  488  258  159  788   37
  642  187  211  601  129  196  339  633  131  651
  780  798  464  548  522   54  720  463  740  250
  496  238  358  266  611  622  254  435  271  324
  486  709  251   59  288  483   41  782   43   75
  102  186  553  207  637  790  654  433  136  186
  140  404  653  781  557  155  140  287  370  757
  150   13  618  539  270  575  628  466  178  270
  272  750  423  532  277  763  503  254  533  644
   11  219  724  658  244  234  636  266  674  103
  520  118  694  522  605  508  189  275  422  485
  678  410   10  363  327   74  221  531  443  341
  489  447  233  433  475  265  190  675  412  284
  311  565  326  106  765  656  618  260   87  277
  758  452  506  108  794  551   23   73  645  110
  181  525  532  415  311   94   98  515  126  794
   77  373  481  346   17  449  599  686   27  537
  131  714  131  758  287  199  745  476   14  146
  161  146  393  658  364  456  268  549  559  519
  687  320  750  514   11   82   35  516  359  508
   35  508   78  490  659  205  393  755  544  767
  478  738  561  658  443  534  116  647   72  184
  391  115  319  656  218   48  182  768  242  673
  363  193  563  495  790  751  659  548   79  686
  790   34  183  538  212  392  763  757  456  308
  772  314  772  511   13  227  386  190  528  760
  521  334  273  234  282  304  705  533  266   31
  366  311  486  191  699  664  633   62  223  394
  140  210  630  741  462  228  309  214  101  599
   47  204   23   31  123  194  250  701  128  202
  617  107  205  141  784   44  571  504  709  286
  244  260  506  709   90   57  160    3  666  760
  476  713  441  623   11   81    3  288  664  191
    4  123  589  152  669  375  454  245  315  187
  613  460  693  397  774  760  753   25  363  641
   91  133  442  571  289  409  729  757  305  612
 19
 9 149 153 199 217 237 282 284 286 303 321 341 350 407 489 537 638 726 796
 27
 7 30 53 97 101 180 194 303 350 360 388 411 434 454 463 484 545 559 560 575 593 616 622 689 696 699 700
 19
 14 24 44 97 114 174 186 235 264 282 375 436 480 551 597 610 705 729 738
 18
 17 49 55 57 127 192 258 286 353 356 435 470 494 566 677 685 693 779
 22
 76 79 99 102 128 200 207 246 258 263 363 376 414 417 443 477 480 555 628 633 661 743
 27
 20 21 45 54 64 132 135 203 222 242 291 329 362 381 403 408 423 460 463 544 549 620 657 667 674 752 776
 17
 69 144 154 156 194 231 235 341 504 536 572 585 698 736 763 785 791
 14
 18 25 60 100 155 176 255 312 409 537 594 596 705 714
 23
 7 89 112 118 147 162 192 268 300 314 342 397 427 432 469 582 583 585 649 650 652 655 656
 25
 26 52 70 136 158 163 165 182 219 283 324 357 428 460 484 511 513 521 562 617 644 669 764 766 781
 33
 10 29 43 118 177 232 241 242 373 399 406 428 447 475 483 522 549 563 565 575 587 612 613 633 653 674 683 703 726 731 747 776 791
 24
 52 75 169 184 216 235 272 307 377 433 435 436 458 481 490 523 572 590 624 625 653 672 738 778
 19
 91 93 99 108 160 219 318 331 346 498 529 537 546 554 561 611 675 719 800
 22
 2 93 184 203 212 275 283 309 329 382 383 390 462 468 487 506 544 596 625 723 734 791
 22
 33 35 73 105 111 181 199 201 230 236 316 362 421 496 509 671 680 688 722 742 749 754
 12
 34 91 155 296 298 383 541 614 653 704 723 755
 21
 42 63 72 81 98 138 190 222 295 316 358 390 400 435 465 542 585 605 781 783 784
 21
 17 45 58 59 100 170 263 287 295 325 358 378 397 411 466 543 570 733 737 745 790
 22
 5 47 154 221 267 272 339 378 393 492 500 511 557 567 681 686 701 703 773 775 776 797
 28
 14 107 153 163 196 223 251 260 275 278 299 315 331 335 447 460 465 468 469 533 576 629 636 651 674 678 693 794
 23
 27 66 120 193 246 327 371 426 435 472 482 510 519 554 561 567 635 692 699 724 740 777 786
 19
 1 54 57 59 95 150 176 218 288 296 402 464 502 512 513 554 673 683 726
 24
 4 90 124 138 151 205 206 210 232 319 360 391 400 426 443 526 547 612 679 711 725 769 786 792
 8
 94 118 166 245 382 437 560 758
 22
 26 60 86 214 353 355 386 392 438 444 527 563 645 690 711 720 732 754 767 786 791 798
 16
 72 143 195 231 280 281 317 330 394 408 471 485 537 581 646 799
 22
 28 48 100 131 165 223 244 258 384 440 452 462 472 519 549 569 693 713 717 728 740 787
 20
 31 42 91 137 152 157 159 195 265 320 324 387 448 488 504 547 560 708 720 762
 15
 19 30 82 95 101 207 267 270 488 648 718 730 751 788 800
 18
 29 80 110 171 197 220 306 403 409 556 597 631 645 700 728 739 749 765
 26
 9 27 31 52 65 131 136 224 332 355 364 402 479 509 539 550 553 576 599 638 680 709 746 761 769 796
 22
 6 12 51 61 218 230 279 281 284 287 328 442 467 548 578 648 650 660 670 688 710 743
 16
 13 38 103 189 233 252 302 441 497 535 560 584 663 673 750 770
 19
 41 122 160 205 250 343 349 358 389 407 412 461 503 508 570 628 663 721 768
 22
 70 89 98 132 135 169 294 297 367 396 404 530 534 537 558 626 627 658 687 738 741 797
 17
 86 110 148 185 216 229 276 331 344 373 480 514 542 598 613 631 695
 23
 23 44 46 72 121 141 164 206 213 226 268 275 289 336 360 392 441 453 541 545 716 745 756
 22
 39 52 75 156 172 188 199 303 311 319 321 398 405 456 527 535 571 577 639 656 685 699
 23
 5 33 99 116 151 254 273 309 312 320 332 350 369 399 457 458 524 543 580 604 640 646 698
 26
 6 37 109 115 143 183 224 238 285 330 338 416 469 499 503 522 526 539 540 573 590 598 677 682 730 783
 23
 57 91 99 109 147 153 190 227 248 249 252 267 286 348 369 484 485 498 589 641 645 705 731
 26
 55 68 85 126 139 170 175 191 204 212 239 247 283 300 311 313 331 389 530 597 599 606 630 664 665 753
 28
 15 57 103 125 133 136 173 262 289 328 337 342 359 401 430 474 480 518 524 534 567 577 602 624 668 680 722 751
 25
 19 51 74 83 134 139 146 215 297 308 326 348 376 413 615 625 652 686 700 732 735 752 784 787 795
 25
 38 73 244 264 271 326 337 354 380 405 486 500 546 565 575 579 603 664 666 687 718 760 772 782 789
 30
 36 40 67 80 107 113 166 214 218 241 256 259 273 293 334 345 397 439 504 525 562 579 597 608 620 647 709 721 791 793
 21
 13 38 88 181 185 208 239 262 345 355 393 415 445 553 562 581 591 602 732 742 753
 21
 32 62 99 127 191 200 211 257 269 332 380 450 494 505 592 610 615 648 694 708 778
 25
 16 24 28 79 134 178 277 310 311 315 378 398 442 467 474 476 492 516 531 643 715 723 731 748 762
 22
 4 106 111 128 177 180 182 288 310 361 387 437 451 484 487 535 622 677 723 727 772 795
 22
 50 130 210 240 274 280 385 395 473 495 496 555 556 567 578 607 642 652 655 728 765 782
 23
 20 25 57 81 133 148 201 225 265 278 320 347 352 357 373 400 455 491 547 550 600 637 774
 33
 8 22 36 45 63 104 117 118 125 143 144 162 203 238 259 269 292 304 321 358 374 406 412 445 506 528 571 600 666 675 724 737 799
 26
 1 43 108 117 146 207 234 240 322 333 361 387 414 473 493 591 619 621 650 671 676 684 764 768 779 785
 23
 3 30 49 50 64 125 131 136 187 226 331 334 447 476 488 511 565 637 655 680 718 735 736
 20
 95 140 167 178 179 193 196 208 307 311 397 455 580 668 699 716 771 780 789 791
 27
 11 90 141 167 211 247 251 274 276 293 299 367 434 484 491 499 518 523 570 588 595 670 681 692 697 702 788
 27
 12 35 68 82 92 124 125 266 301 335 396 419 420 423 434 478 517 566 570 607 694 697 712 733 739 781 794
 26
 62 63 69 89 102 172 186 187 225 248 257 260 271 278 298 305 344 410 456 563 611 626 654 669 676 787
 28
 85 168 217 243 274 280 285 309 314 329 340 347 364 366 392 447 449 520 529 543 609 654 677 696 700 757 776 798
 15
 2 130 161 164 198 232 334 375 397 415 422 431 526 735 785
 19
 5 58 183 228 250 280 338 388 413 471 482 484 494 495 502 515 524 533 571
 40
 39 41 61 84 87 92 106 118 144 158 175 200 209 219 227 228 304 323 327 370 380 425 445 464 522 525 531 557 574 594 660 689 707 740 744 759 761 765 767 774
 26
 20 113 140 189 190 252 255 261 317 318 321 325 366 386 433 442 449 551 559 643 682 689 714 722 744 777
 27
 129 157 160 161 164 171 216 237 255 261 322 382 393 416 421 424 451 567 568 583 591 592 630 737 741 760 786
 33
 5 21 67 71 98 119 179 215 249 276 333 410 429 432 442 449 452 505 521 535 536 538 554 580 601 623 651 662 712 722 729 754 773
 27
 56 109 114 209 267 292 316 367 370 383 392 401 454 461 462 478 501 510 621 629 648 682 691 722 729 757 788
 21
 3 16 22 29 86 135 177 190 202 212 220 229 419 483 563 564 614 618 623 702 706
 19
 77 96 139 188 209 296 349 352 379 395 438 444 457 464 475 552 589 603 690
 25
 11 87 109 120 122 152 198 204 245 259 353 362 368 381 391 459 544 559 618 620 628 640 647 699 794
 24
 12 83 145 217 253 280 308 309 337 354 404 431 446 459 507 532 582 585 591 622 639 697 704 771
 24
 130 164 168 174 213 290 321 379 418 486 501 517 548 574 593 595 659 662 672 684 723 727 747 748
 28
 23 31 34 48 58 65 69 77 100 106 145 182 235 236 243 368 475 515 528 558 627 667 691 707 713 730 770 794
 22
 3 76 137 173 239 256 262 266 277 319 339 371 372 481 586 612 617 634 642 661 750 780
 23
 8 53 63 119 134 142 152 189 203 317 343 417 429 483 498 540 568 586 690 726 733 759 793
 22
 10 36 39 56 84 99 149 214 340 351 353 446 493 517 557 641 715 724 739 763 775 790
 22
 3 45 66 253 286 365 391 414 508 532 564 580 632 660 670 678 701 704 706 709 722 728
 27
 37 40 78 121 123 127 162 254 306 323 335 377 390 414 422 425 468 516 517 538 569 606 652 678 711 725 755
 20
 91 142 213 354 398 410 430 520 533 536 543 545 561 605 608 616 649 665 688 785
 21
 68 94 112 159 183 202 224 234 309 346 420 424 425 429 470 475 514 573 604 631 634
