2
 80   800
  789  464  114  349  101   35  596  338  342  640
  286  522   66  299  663  317   41  614  502  415
  177  228  197  327  604  247  741  127  310  472
   12  353  797  539   39  583  566   84  263  690
  363  456   79  428   75  503   92  623  109  545
  485  626  594  535  658  588  749  141  277  699
  496  505  545  447    6  773  740  523  199  199
  658  204  621  228  737   29  576  262  464  426
  286  425  253  640  683  374  204   35  304  411
  316  442  554  417  473  596  126  404  230  701
   59   82  448  797  232  578  643  202  602  128
  738  729  406   34  345  216  707   43   36  114
  236   69  477  491  388  104  645  667  287  670
  651  625  789  604  176  235  696  216   67  730
  236  651   34  398  794  459   47  684  130  175
  193  464  703  390   82  388  481   49  197  704
  171  202  521  759  122  702  673  624  577  171
  491  112  590  758   31   93  115  465  148  366
  559  131   90   16  400  739  391  106  709   72
  158   11   71  202  544  417  165  246  382  527
  389  648  306  361  420   53  797  583  761  347
  504  458  295  502  111  752  663  421  280   19
  644  169  553  211  575  628  611  246  696  225
  229  170   61  303  460  296  366  572  533  399
  752  137  294  211  245   17  393  469   10  293
  543  178  622   10  416  262  254  339  694   11
  791  107  794  692  432  567  265  401  655   29
  201   88  114  493  153  595  326    8  100  230
   44  570  125  231  718  437   69  121   44   10
  287  329  780  220  216  535  222  675  220  148
  595  302  557  249  199  146  795  678  147  627
  577  736  311   84   78  658   26  439  416  194
  308   39  774  132  667  706  293  383  208  185
  485  616  236  744  465  748  340  342  392  423
  250  674  162  128  209  405   58  622   69  111
  393  144  237  526  582  592  109  412    6  595
  370  209    7   46  240  586   89  496  588  679
  277  153  509  793  444  487   60  593  476  531
  514  392  163  510  426  741  770  392  798  734
   99  789  503  625  381  522   89  679  318  521
  788  518   56  288  541  137  314  541  393  749
  209  301   35  718  779  476   55  198  616  224
  438  729  539  449  740  459  508  269  466  669
   78  752  553  229  612  207  580   73  755  729
  794   28  383   60  616  316  349  609  439  663
  628  666  410   90  689  585  649  756  361  502
  199  249  383  204  164  343  651  413  590   97
  386   11   57  498  266  582  678  797   38  223
  452  746  631  110  116   30  505   57  354  540
  444  285  347  173   31   13  728  480  146  569
  450  334  335  598  474   57    2  622  516  492
  245  500  284  283  700  746  420  669  614  472
  486  104  765  105   63  307  491  721  541  771
  331  467  471   50  694  769  549  508  438  461
  333  685  638  723  615  721    8  201  649  575
  681  103  766  316   20  703  663   67  665  520
  512  464  619  305  512  609  389  304  251  694
  592  556  570  612  617  623  471  187  686  760
   81   19  614  696  625  481  434  733  258  459
  544  333  722   62  417  756  433  538  732  121
  353  481   40  390  592  159   16   98  438  446
  449  446  456  246  618  346  211  420  630  798
  592  695  723  642  181  211  144  718  102  441
  511  466  540  720  621  564  564  224  180  487
  162  751  532  737  480  710  597  504   46  181
  257  749  561  651  696  626  183   85   46   63
  703  473  447  389  579   84  498  282  468  526
  740  485  373   68   99  458   62   84  691  404
  214  488   57  689  644  759  182   44  128  432
  475  692  534  662    3  563  486  368  323  595
  603  230  423  242  152   88  420  555   70  199
  584  784   82  528  239  345  162  575  332  664
   58  601  456  574  234  608  304  561  603   33
  108  581  650  214  568  411  261  788  654  693
   69  448  486  468  783   41  129  758  678  289
  654  567   98  399  528  440  593  216  706  706
  618  371  464    6   37  718  796  138  580  391
  577  607  441  370  508  689  553  350  493  443
  327  263  342  437    5  670  676  532  139  591
  239  206  227  205  618  256  662  540  319  147
  697  607  636  157  657  298  607  105  128  110
  686   91  528  679  351   68  557  762  368  441
  432  270   88  169  331  586  692  762  561  295
  120   87  133  778  621  733  452  449  756  257
  239  463  703   37  520  351  437  563   49  769
   34  263  140  153  513   84  686  332  635  630
   87  554  536  723  799  282  207  502  364  549
  613  509  575  696  596  410  158  255   67  224
  365  754  738  257  569   64  659  434  306  419
  756  598  580  207  628  369  166  795  772  548
  287  685  441  158  617  205  570  784  194  161
  591  641  340  401  681  382  141  735  496   54
  173  536  439  563  573   98  723  115  637  149
  753  304   36  231  156  751  647  582  661  686
   34   26  562  562  406  687  707  509   70  251
   27  365  299  786  642  520  443  688  457  707
  297  292  121  217  405   13  483  564  539  594
  679  375  547  219  102  638  322   12  133  105
   46  228  670  220  496  345  317  309  494  757
  691  477  175  362  419  651  767  483  320  706
  594   31  307  536  477  642  744  738  270    2
  510  774  523   44  145  122  373  530  308   47
  605  311  198  175  361  543  589  659  773  412
  379  166  256  694  470  468   82  707  661  359
  246  684  641  257  667  800   94  645  329  181
  568  536  318  426  660  489  763  293   75  139
  507  332  305   42  714  389    3  735  429   77
  418   34  342  228  696  461  544  274  657  168
   42  520  550  220  339  532  592  414  219  124
  296  254  692  617  235  227   11  100  585  627
  210  708  767  323  519  556  172  449  407  609
   40  775  382   56   76  392  772  402  535  432
  789  732  455  501  548  189  194  339  124    6
   99   24  794  622  392  544  157  726  611  746
  632  256  264  398  478  761  685  719  114  415
  474  747  487  651  370   55  666  700   39  696
  531  652  283  571  118  626   13  766  224  779
  659   86  179  388  292  703   26   72  270  512
  266   40  144  126  295  644  447   16  742  163
  144  609  309   23    1   13  662  747  204  196
  573  659  772  622  452  700  663  774  363  663
  401  758   96  708  409  326  658  459   35   68
  106  522  491   32  554  164  199  204  701   43
  336  412  596  526  794  165   39  422  170  421
  411  211  598  320  113  103  338  296  454  345
  389  158  218   15  691  476  737   95  716  545
  718  260  373   27  596  383  233  697  523  642
  764  770  711  278  250  740  380  233  517  788
  614  448  338  648  238  493  193  500  196  499
  229  397  791  136  246  264   74  312  195  237
  737  792  120  774  672  475  344  482   55  625
   86  360   93  413  766   13  325   51  244  322
  601   35  329  251  399  447  397  682  219  791
  122  770  745  713  307  636  181  124  411  460
   19  599  771  299  199  296  739  259  684   37
  328  147  526  453  282  552  403  789  233  705
  671  362  118   30  415  438  655  403  689  589
  763  250  250  363  590  510   24  142  499  247
  765  194  779  673  419  655  497  599  112  411
  420  423  497  534  724  672  270   78  350  488
  112  404  708  643  158  172  589  576  456  316
  723  445  756  314  714  605  627  236  599  319
   29  292  461  275  116  321  365  483  535  491
  374  544  355  588  768  163  142  269  602  115
  398   32  328  284  539  131  239  728  325  784
   12  390  470  475  595    7  243  547   68  226
  797  117  774  730  558  410   24   59  186  510
   63  207  263    5  600   12   19  674   19  180
  430   65  514  214  795  265  441  604  172  525
  558  360   12  101  186  406  265  437  355  721
  790   86  225  150   77  483  461  452   30  763
  524  780  359  348  167  608  475   51   32  524
  509  380  422  283  791  106  232  143  442  456
  501   66  285  300   16  446  330  220  765  223
  664  513  374   49  518  350  427  631  673   26
  696  301  651  601  365  732  664  728  642  347
   15  578  120  473  716  631  276  296   23  301
  394  632  601    9  669  512   73  587  725  164
  739  186   26  573  791  694  321   41  141  114
   35   51  429  163  234  712  635  616  532   50
 64
 12 13 31 46 62 74 84 85 97 102 114 149 184 210 214 221 224 225 239 245 253 256 268 273 280 283 286 296 311 331 356 362 374 377 384 393 414 426 431 436 442 444 468 471 476 496 497 540 543 546 551 564 584 597 656 687 699 729 730 738 755 757 764 797
 80
 3 11 15 26 39 47 49 59 61 63 69 78 85 92 94 105 114 127 128 137 144 167 171 180 199 203 204 217 219 221 225 234 236 249 251 271 273 295 321 322 323 331 340 359 378 379 385 393 397 405 420 451 462 500 503 509 510 514 518 524 537 538 542 561 613 623 628 630 647 657 667 675 713 723 737 738 752 758 780 799
 82
 23 27 32 51 52 53 61 67 72 77 85 99 117 134 147 152 155 158 160 163 164 180 181 185 201 204 208 217 229 254 258 262 274 313 319 345 346 347 360 372 377 378 394 404 408 416 419 423 435 466 470 477 480 481 484 485 486 498 500 503 509 531 537 568 604 615 650 665 686 687 690 703 710 717 722 738 739 747 758 765 784 788
 79
 4 8 9 11 24 44 48 52 54 56 58 88 98 110 111 125 135 152 153 161 169 227 234 244 247 248 254 255 257 264 275 281 287 314 321 330 338 373 374 382 385 386 393 412 423 428 455 489 494 511 514 532 558 560 573 577 578 589 595 598 600 625 649 651 669 681 685 686 692 698 700 717 729 733 756 761 766 774 789
 76
 10 12 68 83 94 144 145 151 156 162 175 177 179 180 196 199 200 201 209 220 241 255 258 261 265 266 268 278 291 312 321 367 373 385 388 395 410 416 424 447 456 460 462 468 483 494 499 504 507 509 513 526 542 550 555 558 573 601 629 635 644 645 661 688 692 696 702 714 736 745 750 765 769 788 795 800
 76
 11 17 23 32 47 52 55 57 76 79 81 92 95 96 118 131 140 147 170 189 190 191 200 206 216 250 252 284 298 310 314 338 342 343 346 386 392 415 420 424 441 442 456 476 488 489 492 494 510 516 540 549 552 583 587 601 611 618 633 636 639 645 649 653 655 686 688 697 709 731 748 780 786 791 795 796
 81
 16 30 34 57 62 63 69 71 78 95 97 103 113 156 170 182 190 229 240 242 245 254 277 278 292 294 333 343 346 363 372 379 381 399 410 438 470 476 477 487 494 499 500 502 512 515 518 533 543 550 572 586 587 589 591 593 598 599 610 613 616 623 628 632 647 674 686 687 707 723 725 734 736 745 746 747 777 785 789 791 800
 76
 27 37 44 49 51 73 81 93 105 114 120 136 140 152 157 158 161 167 191 207 221 238 241 242 284 289 328 332 343 354 356 357 385 406 411 423 427 455 467 470 472 475 497 510 514 525 541 549 551 552 574 586 604 608 609 610 637 647 654 660 670 673 684 686 693 714 721 726 732 741 747 749 755 756 788 796
 76
 5 9 17 36 71 77 90 91 92 99 113 133 135 137 151 158 160 171 216 219 233 248 250 264 279 284 288 302 304 312 333 334 379 392 401 422 426 433 443 454 476 477 491 504 513 516 533 542 543 544 583 587 590 608 613 624 639 640 642 647 661 665 692 703 704 708 726 731 744 751 781 784 790 794 795 799
 80
 2 8 28 52 64 75 105 107 114 145 154 157 161 180 193 197 201 208 210 229 234 239 248 254 259 264 273 284 290 296 305 346 349 373 385 389 397 406 410 413 421 428 446 461 475 479 506 524 536 552 563 566 568 569 574 590 597 607 608 615 623 628 629 669 670 677 680 681 703 716 720 721 724 727 731 733 760 761 772 778
 78
 9 17 19 21 37 77 80 81 89 107 113 114 124 130 136 147 149 152 155 159 174 210 211 215 220 228 243 260 276 278 290 311 316 325 345 350 368 408 413 420 437 438 448 459 465 475 477 478 503 548 583 588 598 608 611 638 665 678 683 689 694 699 702 705 708 709 719 735 738 751 767 770 775 786 787 792 795 800
 82
 7 11 24 29 34 42 72 73 76 79 99 121 128 131 134 140 142 146 157 192 194 203 206 225 231 232 234 236 245 247 250 266 290 310 331 350 360 362 364 370 390 392 403 406 408 412 432 440 445 492 494 495 514 517 521 522 527 539 568 572 579 581 589 596 613 637 643 648 652 663 668 675 720 723 743 746 748 757 764 774 792 799
 85
 15 34 39 49 63 75 85 87 123 150 155 157 162 191 194 197 203 205 215 226 228 231 232 238 241 249 257 274 275 279 281 287 293 295 297 319 322 326 330 335 336 338 342 355 357 359 369 381 405 408 410 431 449 470 473 489 502 505 515 526 538 554 556 560 564 582 587 589 599 639 660 661 685 702 716 721 734 736 743 747 751 753 755 768 780
 78
 5 9 12 19 26 31 40 42 74 90 99 119 151 164 170 172 175 189 201 209 213 272 274 278 294 295 310 320 324 331 333 337 343 344 346 351 354 359 372 373 374 376 389 392 393 439 450 456 458 478 486 496 500 502 514 540 575 585 586 591 600 623 628 629 663 670 706 710 713 729 740 750 759 765 775 784 786 799
 69
 8 9 12 37 38 68 84 85 97 101 111 131 144 152 160 180 195 205 207 245 254 266 284 286 327 330 334 338 349 359 380 382 396 401 416 429 442 456 484 512 520 530 536 544 559 560 566 569 623 624 639 646 654 668 686 692 694 697 700 704 711 718 739 740 741 765 774 776 781
 67
 5 44 53 55 59 62 65 85 88 104 137 138 156 158 167 170 189 191 214 216 223 252 270 280 315 331 350 352 370 381 399 412 443 455 468 472 475 486 506 509 526 531 569 571 572 573 596 597 609 611 612 617 625 645 651 656 669 673 686 707 717 718 721 739 755 765 793
 82
 3 6 8 25 26 36 73 77 98 114 115 120 126 138 142 158 176 179 208 218 232 241 261 263 266 269 287 294 306 311 312 322 330 342 350 355 358 362 367 378 391 419 428 433 440 452 458 460 470 472 504 529 537 543 556 563 564 579 588 597 625 629 638 661 665 667 674 677 686 696 698 701 705 738 750 757 771 775 780 787 791 795
 77
 1 33 43 78 101 105 119 123 134 163 164 170 174 182 192 196 221 223 229 265 267 272 292 299 329 339 340 346 358 361 362 378 388 394 396 408 412 438 468 469 477 486 491 492 497 513 516 518 523 526 534 536 560 569 570 588 593 598 602 608 613 651 662 669 670 682 728 734 753 754 758 786 790 794 797 798 800
 74
 17 20 50 61 63 69 82 106 114 143 153 162 173 181 202 221 223 230 263 268 287 295 296 323 331 338 355 360 374 382 388 400 401 408 409 418 425 445 455 473 483 486 495 498 500 503 509 522 523 528 545 553 555 573 589 602 613 614 631 637 645 664 698 699 701 723 727 728 731 733 734 743 778 789
 68
 6 14 34 46 50 52 88 90 97 104 109 113 114 119 126 127 154 162 183 189 207 216 229 249 267 270 272 302 316 320 328 329 344 347 373 399 400 429 438 447 450 461 474 476 504 506 513 576 605 606 622 626 639 657 662 673 686 691 703 704 739 748 755 763 781 790 793 794
 81
 20 33 40 43 54 63 68 69 70 74 75 91 104 115 121 122 136 164 168 172 177 187 189 190 193 205 232 238 256 261 264 276 285 295 296 300 308 322 349 350 353 363 371 382 407 418 420 434 437 455 463 478 497 516 518 522 527 536 540 543 561 601 627 633 644 652 678 685 695 706 712 730 737 746 750 759 764 765 779 782 786
 62
 3 8 30 44 54 99 103 117 126 140 153 161 165 172 202 206 223 226 227 243 246 254 298 299 341 355 369 375 383 421 427 445 450 457 459 463 464 497 504 520 530 543 549 564 574 583 589 596 622 638 650 698 700 713 716 724 729 732 763 771 788 789
 74
 9 14 39 44 49 64 79 97 119 123 130 137 147 151 162 192 194 197 198 212 216 221 233 258 259 263 265 297 313 317 339 345 371 373 375 376 377 378 379 397 404 408 433 449 464 465 468 472 503 512 520 526 532 543 551 552 556 560 583 612 628 630 653 660 661 700 704 737 739 745 755 764 770 772
 78
 19 39 49 62 77 101 124 125 164 168 176 183 184 187 198 201 256 265 272 275 281 289 330 336 339 343 349 355 362 366 381 392 412 423 428 447 449 453 455 464 466 470 471 480 483 486 506 512 516 519 522 531 551 564 568 578 582 586 633 647 648 672 685 692 702 708 712 718 729 731 758 759 773 781 784 785 786 795
 85
 16 33 38 54 59 77 80 82 98 109 110 119 120 156 157 165 179 189 191 195 204 219 233 239 240 242 252 262 266 274 275 287 295 310 327 334 354 358 378 386 399 403 405 429 452 471 472 478 509 526 531 532 541 545 547 549 567 568 579 581 587 595 597 602 605 616 656 658 660 669 670 685 689 696 714 734 740 761 781 783 786 787 793 794 800
 73
 16 17 21 48 58 61 83 88 91 105 122 126 131 133 144 152 153 156 176 190 195 196 204 206 214 218 237 250 258 268 276 285 304 305 319 331 335 344 370 375 379 386 397 407 421 436 438 475 508 519 524 555 576 594 599 616 622 626 634 644 655 659 672 677 686 704 722 727 741 769 777 784 797
 73
 4 42 43 48 55 56 82 149 157 159 170 173 180 183 193 198 241 246 250 259 268 270 312 314 327 350 363 367 368 376 380 412 420 425 437 440 445 451 452 463 477 499 501 511 514 516 519 527 534 542 563 565 569 587 588 589 617 625 633 637 644 645 656 662 673 676 680 688 717 736 758 763 774
 61
 2 16 24 27 35 62 63 99 123 127 132 133 176 178 179 180 186 190 206 235 244 265 269 294 298 313 322 332 335 346 353 365 399 409 428 439 450 451 455 459 505 520 541 546 549 565 603 605 619 656 681 682 708 714 732 745 749 759 762 767 782
 67
 9 21 25 31 49 60 61 73 138 149 150 153 165 188 189 191 201 207 212 216 243 257 262 267 281 284 291 298 317 319 336 339 352 358 366 374 386 461 480 499 523 527 551 552 556 566 571 577 608 609 630 636 637 656 661 662 686 705 717 721 742 751 755 760 761 764 783
 92
 4 38 58 61 68 73 80 82 84 95 97 98 99 102 107 118 144 175 176 178 183 191 206 214 217 226 241 249 250 252 267 285 303 315 320 321 372 382 386 409 410 424 425 426 432 440 448 459 461 462 474 489 497 500 502 503 537 566 575 576 583 597 601 616 620 623 634 636 640 641 659 668 679 686 691 697 699 715 717 732 744 746 753 756 762 768 782 785 786 787 789 798
 78
 4 5 21 41 50 55 66 78 84 89 98 99 109 119 126 168 171 172 173 188 192 199 207 218 231 278 286 324 336 337 350 373 377 380 386 411 417 422 433 445 457 465 496 509 510 512 521 524 526 531 540 548 549 556 562 602 604 616 618 634 644 650 654 655 659 662 668 686 693 697 729 732 756 761 763 768 770 800
 74
 4 5 29 32 37 48 55 62 66 89 91 103 104 108 119 130 131 166 168 171 182 184 191 195 196 202 208 210 211 225 226 228 247 253 276 277 305 313 315 321 352 376 388 390 394 395 397 417 428 445 465 477 497 501 513 554 562 566 609 620 622 627 654 663 689 695 696 716 724 728 753 773 791 793
 82
 3 9 17 25 33 38 63 68 76 80 105 112 124 127 132 138 176 191 193 198 203 208 235 239 240 262 272 280 294 300 307 311 315 329 350 360 364 369 374 382 383 385 387 388 392 395 401 402 456 466 501 504 512 517 521 523 524 527 545 560 567 572 573 591 592 599 605 614 629 647 663 673 694 699 701 706 707 736 741 754 761 774
 65
 12 42 49 65 78 83 90 95 97 109 114 149 161 167 178 205 206 213 227 233 267 290 295 297 302 303 304 311 332 339 343 350 370 371 375 393 406 412 415 431 439 448 468 476 508 509 512 517 524 527 545 570 601 619 637 638 668 674 677 707 721 739 742 786 798
 79
 8 9 12 29 32 34 37 68 86 91 99 109 127 137 159 173 175 180 207 210 231 256 264 319 321 337 338 340 341 378 392 398 399 429 435 444 457 467 479 494 496 497 505 506 519 520 540 544 555 556 558 570 572 585 587 589 595 601 602 612 622 627 637 670 671 674 684 687 698 705 709 712 714 715 727 737 752 765 771
 74
 10 12 16 26 30 37 40 48 52 60 66 93 99 116 117 151 171 175 185 186 187 188 197 216 223 226 234 240 312 326 346 349 365 376 381 396 416 428 453 454 465 469 475 494 515 516 523 530 537 539 545 598 617 633 635 639 645 655 681 686 713 728 731 732 734 740 749 750 752 755 765 768 784 788
 75
 5 16 46 62 97 108 110 126 136 137 144 147 156 188 201 205 218 222 236 244 246 250 252 264 293 297 322 335 341 358 359 364 372 381 389 436 445 461 463 469 481 485 520 530 532 560 567 577 580 584 592 593 599 624 630 633 643 645 646 652 653 672 689 690 728 745 746 751 754 757 762 770 785 796 800
 95
 14 21 25 27 37 43 46 57 59 61 65 75 85 86 90 91 94 102 107 112 113 114 116 131 139 150 151 175 177 179 188 222 230 233 236 240 243 248 250 281 290 316 318 337 344 352 359 365 366 375 392 399 401 412 416 435 449 456 459 462 477 484 487 496 498 511 537 558 564 586 587 594 603 604 643 645 652 666 668 670 684 686 694 697 714 740 755 775 778 782 785 789 795 796 798
 63
 6 18 23 29 34 43 52 63 132 133 135 136 150 190 191 224 230 234 254 256 260 273 303 308 316 322 348 354 360 374 379 428 444 446 482 483 491 499 502 503 523 524 552 567 573 576 595 615 621 622 633 636 647 665 698 701 715 723 737 745 746 756 787
 74
 2 16 24 43 79 82 97 108 113 131 135 138 140 151 152 153 159 165 185 230 246 252 262 274 281 284 291 295 299 303 308 311 323 344 360 362 371 378 389 395 398 435 456 458 464 465 476 488 490 503 514 518 540 542 543 545 560 579 588 613 618 622 638 641 642 670 678 689 696 719 720 732 781 795
 80
 4 8 9 23 26 41 44 52 68 78 91 104 130 133 144 147 148 151 152 160 174 198 206 235 238 252 283 288 304 319 324 327 331 337 347 359 360 364 368 370 391 399 426 436 437 447 448 449 454 458 461 465 475 486 487 493 505 510 511 517 562 582 603 606 622 638 639 663 677 684 685 693 745 757 758 772 773 780 789 800
 86
 4 5 16 34 36 39 40 45 52 60 79 83 88 92 102 114 121 145 148 152 158 162 164 180 181 186 197 205 207 212 220 240 259 296 298 300 321 325 359 380 389 391 412 414 417 433 439 442 449 453 481 485 486 507 539 540 541 543 544 553 554 566 571 572 573 607 609 614 628 655 657 665 670 675 689 690 739 750 753 764 769 772 779 790 796 799
 79
 28 32 41 43 51 55 89 95 105 112 148 178 190 202 204 205 211 219 229 233 237 253 257 269 301 302 306 307 316 325 354 360 380 401 409 414 416 443 452 458 463 475 481 494 503 505 515 518 543 550 560 583 612 622 624 636 644 652 653 661 673 680 687 690 696 716 718 738 740 744 754 755 756 761 764 779 780 785 800
 82
 5 14 36 49 62 68 71 85 86 99 127 141 146 150 151 162 177 182 193 195 200 210 219 223 224 228 253 255 268 271 281 282 284 300 303 307 314 330 340 365 395 402 418 425 435 436 444 452 457 472 479 509 510 517 531 533 548 555 560 566 567 571 582 595 610 617 625 640 660 684 688 689 693 694 722 727 764 767 769 779 787 790
 73
 7 15 19 29 35 53 65 81 91 93 95 124 147 172 180 202 204 216 222 238 247 250 259 289 292 296 314 316 317 330 331 333 337 340 388 389 395 396 397 422 434 442 480 509 534 551 568 598 601 616 617 624 627 629 641 654 658 662 672 681 685 689 701 735 739 745 749 752 755 768 779 782 793
 70
 22 33 34 43 44 51 67 79 82 85 95 99 104 115 117 118 125 138 142 167 240 249 259 269 288 292 300 305 309 318 322 323 371 373 378 395 413 414 429 449 470 485 493 506 519 524 529 541 544 550 575 582 591 593 600 624 631 637 656 657 661 673 686 690 757 764 772 776 791 794
 76
 5 17 18 22 25 68 82 92 137 140 143 154 163 172 183 195 198 200 207 208 214 218 231 253 264 267 273 279 290 309 312 321 341 355 358 366 379 387 407 420 451 457 478 488 490 491 500 508 517 529 534 539 564 571 578 580 581 596 602 603 619 642 659 667 679 689 700 705 727 728 742 748 769 774 779 793
 62
 10 51 63 66 117 152 174 176 191 206 219 231 254 280 283 291 292 302 305 335 342 352 353 356 361 391 392 399 406 413 418 437 439 446 471 483 484 486 489 493 507 517 539 550 558 559 570 571 573 575 603 650 653 668 690 694 708 722 733 780 783 791
 78
 2 41 55 60 76 96 97 104 110 120 142 178 181 187 188 203 210 220 235 249 250 251 259 297 312 316 336 357 371 394 405 414 422 431 437 441 445 450 471 482 485 503 511 513 526 535 546 555 561 570 576 582 595 598 605 616 626 637 642 683 688 695 704 707 708 714 720 725 727 729 753 763 764 766 775 780 786 799
 72
 1 3 17 21 26 37 67 70 74 78 84 97 101 133 139 178 179 190 199 201 203 204 253 257 260 271 293 312 325 330 332 335 367 373 378 388 391 395 398 404 420 422 431 440 444 454 467 480 496 513 536 547 549 559 561 563 565 581 584 610 620 651 665 674 703 713 740 747 769 775 790 797
 74
 15 19 21 23 26 32 35 37 40 47 50 72 75 83 85 97 98 107 111 112 113 137 138 156 157 164 171 173 218 245 253 294 295 324 335 351 370 372 386 404 419 446 448 451 453 460 461 462 463 479 494 526 528 538 547 555 561 571 585 593 602 605 641 648 666 671 719 731 734 738 746 753 771 777
 81
 1 7 10 17 18 20 78 79 105 128 131 140 167 170 180 185 190 213 221 258 279 282 289 295 307 321 326 336 340 342 347 350 355 364 367 378 384 385 387 389 399 404 421 422 429 437 445 465 471 497 500 515 532 542 565 587 594 596 603 616 629 632 633 634 637 662 695 699 703 705 710 712 713 718 722 753 761 784 788 790 793
 70
 9 21 33 34 53 58 60 70 71 83 89 92 101 103 110 113 121 130 170 171 175 180 187 212 239 241 257 259 302 312 380 394 438 456 468 481 492 494 497 506 520 528 545 557 564 569 577 584 596 600 636 643 651 656 660 673 677 681 686 688 701 705 712 714 717 725 750 773 789 794
 73
 48 68 75 80 92 103 128 134 150 176 181 183 193 200 201 208 209 218 248 257 280 282 287 290 303 311 315 320 350 357 360 375 384 387 394 404 405 412 416 444 460 475 488 493 509 527 539 563 567 568 570 571 586 602 611 621 625 635 644 666 683 687 699 700 701 712 725 734 740 753 761 790 793
 78
 13 15 17 26 27 34 35 48 63 64 75 106 110 139 155 159 206 219 225 229 233 238 246 279 282 298 300 306 318 321 323 329 331 339 342 352 355 406 424 435 445 467 478 489 501 506 526 546 555 578 580 585 588 589 596 600 622 623 643 656 657 668 673 674 709 721 724 731 740 749 751 761 767 777 778 780 783 796
 79
 2 12 13 33 56 68 69 85 88 127 132 137 146 159 161 184 193 195 201 207 228 248 254 259 260 290 291 305 329 333 334 338 343 351 361 362 363 371 379 384 411 425 435 436 440 444 448 451 452 461 482 491 494 501 508 524 576 586 587 594 596 625 635 657 659 666 683 694 696 713 719 739 741 753 754 755 765 769 775
 93
 3 4 12 17 25 26 36 44 49 67 79 97 105 107 108 116 126 140 149 165 169 183 204 227 229 231 236 240 245 251 253 256 258 279 280 290 291 293 316 324 325 333 338 344 346 353 361 362 366 367 378 380 387 404 413 415 421 447 451 461 477 484 487 496 502 524 525 536 555 601 616 621 630 632 636 672 677 685 703 712 729 735 736 738 741 751 753 759 784 791 792 796 798
 97
 1 4 5 14 19 25 31 38 42 46 74 91 98 113 127 135 145 148 152 157 163 164 178 197 205 207 217 233 241 252 259 264 274 275 297 322 330 342 345 348 370 374 378 383 390 396 405 406 407 408 419 423 425 431 438 463 468 474 495 500 513 517 520 525 538 545 551 558 568 590 601 604 617 630 636 639 648 657 658 662 663 664 688 693 718 736 737 749 752 753 757 763 766 780 786 789 797
 71
 3 4 16 51 54 60 66 78 79 82 86 97 110 143 160 165 167 185 206 236 243 247 262 264 272 283 284 287 301 303 329 334 361 376 394 412 418 430 441 443 456 468 474 475 497 506 518 522 535 538 543 549 553 562 567 585 597 616 654 655 656 665 693 708 722 741 752 774 787 790 798
 84
 23 26 31 35 43 55 61 64 67 68 76 78 88 89 93 110 112 137 141 142 143 147 158 169 201 214 237 241 246 252 258 277 289 312 324 326 345 352 360 363 364 368 371 392 401 407 427 434 443 466 469 500 505 507 524 542 551 553 565 592 598 609 621 622 637 638 639 656 659 672 677 681 686 693 694 695 737 739 741 749 768 771 774 784
 71
 3 40 41 48 70 74 80 98 100 107 118 131 149 180 189 223 232 237 240 243 250 254 255 258 287 326 330 358 359 396 402 404 407 411 414 419 430 434 443 457 468 472 489 492 498 508 552 557 573 582 584 593 594 607 610 620 623 629 637 638 639 657 674 709 727 733 737 743 768 780 800
 74
 1 17 19 53 55 65 69 73 86 123 128 129 139 150 166 173 178 191 193 195 199 214 243 260 277 286 288 298 303 312 320 331 339 353 359 381 432 445 449 452 453 456 457 460 472 487 490 491 492 497 498 500 501 511 526 528 568 570 603 613 620 623 626 627 648 650 675 680 710 718 727 739 755 775
 77
 4 21 30 44 67 72 74 106 115 116 124 131 132 136 152 156 178 181 202 203 205 212 238 257 287 291 292 315 323 329 331 335 339 345 352 363 365 367 371 378 381 383 384 411 423 424 426 430 433 434 437 466 468 489 502 504 528 554 566 575 583 591 600 601 607 615 617 659 663 683 698 717 739 784 786 791 797
 62
 6 7 15 31 33 63 71 91 93 108 141 143 156 176 194 196 213 226 234 253 263 278 353 381 387 391 393 406 407 417 428 429 455 456 461 472 516 525 527 552 556 557 564 572 584 586 626 635 643 666 669 671 673 701 708 710 714 739 742 779 793 797
 77
 7 10 59 64 70 88 91 96 107 124 130 142 144 145 152 170 173 187 192 202 207 219 226 245 247 253 270 275 288 293 301 320 323 329 337 341 369 401 407 425 428 430 440 455 476 490 492 500 506 517 530 560 561 569 578 587 619 620 627 633 643 647 656 658 676 678 685 716 733 744 745 753 765 775 778 790 791
 68
 4 19 24 29 39 43 70 77 79 98 100 116 117 119 120 122 125 129 139 144 146 165 201 203 229 230 240 266 268 280 309 315 325 330 331 336 351 356 360 399 411 425 458 506 542 552 590 593 620 634 637 639 644 648 670 676 677 694 698 711 743 746 750 753 764 775 779 799
 71
 24 35 40 61 62 90 100 122 128 136 181 185 199 203 227 235 236 239 242 255 258 259 261 268 273 280 283 309 339 342 351 372 377 386 393 396 417 435 442 450 475 486 494 499 506 508 513 514 522 523 544 545 578 581 594 665 686 702 705 723 725 727 728 732 733 737 742 777 781 794 796
 86
 7 15 19 29 30 33 36 51 57 62 70 88 92 105 106 123 126 127 132 142 147 155 158 164 173 180 185 186 188 192 201 203 231 249 253 254 264 270 274 286 291 318 324 343 350 356 370 391 407 425 432 438 439 455 471 476 482 490 494 502 505 507 511 519 521 537 548 558 560 579 606 645 647 656 679 686 688 703 719 735 744 747 764 776 780 781
 79
 5 7 10 17 26 28 42 70 74 95 107 121 139 141 149 158 177 203 204 212 215 235 243 250 262 270 272 282 286 306 320 331 332 354 371 375 376 401 416 420 438 448 455 459 487 525 554 563 566 591 592 601 609 611 615 628 630 631 653 659 661 668 669 670 682 687 690 697 699 713 727 737 749 754 757 769 770 778 779
 68
 6 18 47 68 85 91 103 124 159 162 180 188 192 194 200 219 221 243 245 262 267 275 284 290 293 294 307 314 316 335 353 356 357 360 397 410 411 412 415 416 471 480 484 485 505 537 547 565 572 604 627 629 636 637 643 654 686 689 693 698 704 723 738 750 753 757 768 793
 77
 2 8 19 28 68 71 104 127 131 141 150 155 156 188 201 206 213 223 226 238 243 248 260 278 280 288 295 298 305 310 313 318 320 321 326 328 341 347 348 351 376 385 389 391 397 411 414 432 438 441 450 462 470 475 491 507 584 586 605 608 622 642 646 653 657 683 684 701 703 712 733 735 748 756 782 789 800
 70
 10 15 36 38 41 44 45 54 63 69 83 93 97 99 101 142 144 145 148 184 196 197 202 217 219 223 229 241 248 258 279 322 333 346 347 352 354 364 397 409 410 418 444 459 464 477 501 505 520 558 562 565 590 591 595 611 613 614 618 632 639 645 652 700 728 746 758 759 769 785
 92
 14 29 33 55 77 94 107 119 142 143 161 162 165 173 174 176 177 194 199 205 216 231 236 239 240 247 248 250 252 258 261 264 277 283 303 305 314 322 335 356 360 367 370 392 394 411 423 438 440 457 465 468 474 478 503 504 515 516 523 530 531 540 542 550 551 554 568 571 573 588 607 617 620 630 640 645 660 672 681 694 698 701 706 708 719 727 742 771 772 778 780 788
 82
 14 16 19 32 43 59 60 64 78 87 116 117 119 121 130 133 136 138 152 157 226 227 230 239 262 272 283 304 310 318 320 326 331 338 343 353 364 368 374 379 383 389 406 412 415 432 444 448 466 467 473 476 477 482 486 497 520 540 544 555 557 566 588 594 598 602 607 620 632 636 643 683 690 694 722 729 735 743 745 772 782 791
 63
 17 37 38 47 77 94 120 126 132 139 150 155 192 196 208 219 228 229 247 267 290 291 307 312 314 333 344 352 353 372 373 415 420 421 428 449 458 459 460 479 496 521 538 564 566 569 574 592 593 596 601 616 644 663 673 711 728 739 754 768 779 786 800
 72
 15 70 106 135 138 140 149 156 161 194 208 213 216 228 229 230 262 270 274 277 294 319 321 325 326 333 349 376 377 388 391 430 431 436 444 451 452 479 482 483 489 491 492 510 534 538 564 577 589 590 599 631 636 642 654 661 664 667 687 691 696 703 709 721 732 736 740 746 747 757 762 773
 86
 4 18 23 35 80 85 86 87 88 92 97 104 128 155 175 203 211 224 236 239 242 244 255 257 268 287 293 296 309 321 330 354 359 365 379 389 398 400 402 413 437 451 456 492 501 502 503 520 528 536 541 552 555 581 584 587 590 596 600 604 607 608 615 632 633 641 646 675 692 698 699 701 702 703 715 735 738 749 750 773 788 790 792 793 794 797
 71
 34 35 37 55 65 84 90 133 138 167 170 194 198 203 209 210 217 235 243 246 249 255 274 282 283 300 302 320 324 349 372 380 393 408 423 430 437 443 452 453 474 477 480 519 535 536 548 549 551 557 560 581 633 642 643 663 669 679 682 692 703 705 707 728 745 757 760 768 780 794 797
 76
 8 16 17 25 38 40 46 67 68 83 145 161 181 192 194 213 215 249 257 266 268 270 288 315 324 325 329 333 334 342 367 373 391 394 425 439 440 465 470 490 504 505 516 523 527 531 541 544 550 565 593 598 613 616 621 644 653 671 676 679 684 687 689 702 706 712 716 725 744 745 754 755 761 777 783 784
 93
 12 19 20 30 35 38 47 64 65 73 82 83 107 110 127 132 137 160 163 164 172 173 183 201 204 205 206 216 220 227 239 241 253 260 266 277 303 306 313 325 338 343 358 359 364 366 368 379 382 392 408 411 415 430 450 462 465 479 482 486 498 508 514 517 523 525 553 560 562 565 601 618 629 638 646 653 672 682 688 692 694 703 705 714 715 717 724 769 778 786 788 790 798
