2
 80   800
  652  765  438   94  447  136  676  793  549  717
  352  723  641  315   82  562  367   52   61  169
   31  283  266  654   54  498  517  515  779  619
   90   39   92   53  765  758  589  671   48  170
  640  224  365   18  465  596  790  683  229  520
  583  203  559  531  624  386  507  789  719  275
  264   54    7  710  573  295  798  316  429  489
  371  643  304   41  542  210  639   36  343  391
  571   79  679  143  442  172  255   79  325  767
   12  629  704   75   60   57  335  439  778  648
  396  641  705   61  189  190  748  277  309  663
  419  624  753  103   93  353  550  486  105  283
  671  590  146  344  410  143  440  452  523  242
  796  535  694  209  513  491  223  172  559   60
   42  229  482  625  736  781  438  290  658  126
  273  771  328  654  347  477  429  412  565  403
  581   40  794  224  246  175  247  694  427  285
  119    2  789  213  300  339  556  135  421  299
  108  493  660  295  203  197  561  747  102   56
  329  637  140  761  131  406  112  520  670  388
   40  753  214  581  659  256  727  494  481  248
  514  305  306   21  516   18  607  681   90  619
   54   63  676  772   37  354  578  289  439  757
   74  298  639  106  767  603   74  218  746  422
  334  573  663  465   18  509  706   12  195  493
  378  703  203  608  663   38  475  477  793  493
  541  698  389  378  208  765  757  571  282  419
  435   74  359  584  540  171  432  785   15  769
  105  159  556  235  132  707  753  586  673  633
  326  745  678  366   68  743  583  518  709  484
   38  113  439  117  591  576  570  393  469  279
  157  706  541  182  653  295  479  113  132  610
  172   88  322  132  271  419  694  288   31  346
  596  417  746  341  624   19  798  106  256  485
  655  223  721  323  366  556  457  180  692   37
  223  125  346  449  680   33  323  603   93  678
  235   24   50  747  183   85  259  672  694  345
  230   35  597   89  481   92  317   59  648  784
  660  128  701   21  109  650  332  192   92  408
  739  675  233  221  339  509   16  786  350    5
  293  424  761  694  700  378   38  497  313  771
  289  450  367  240  777  543  589  512  364  611
  354  217  204  351   67  264   38  123  431  722
  353  153  130  753  768  370  147  258  466  132
  719  128  136  654  206  764  734  123  298  123
  633  450   37  163  541  255  618  444  693  641
  251  100  735  698  496   67   67   85  173  523
  184  455  220  306  645  143   59   62   49  377
  514  460  322  411  213   79   65  505    5  316
  690  627  305  244  385  141   18  530  563  575
  225  337  338  298  375  429  147  790  526  111
  729  405  560  399  458  269  120  596  529  488
  270  582  378  683  276   12   59  496  770  524
   54  724  458   39  796    7  652  110  363  666
  789  409  790  710  502    7  365  724  661  110
  166   59  327  611  470  443  420  674  220  262
   92  512  270  322    2   61  176  456  743  317
  702  526  330  432   21  452  675  245  661  379
  568  382  563  175  368  139  322   27   83  707
  550  165  233  412  386  263  780  747  751  293
   97  645  180  737  441  799  509  668  661  315
  623  257  546  449  289  369  711  593  438  580
   21  671  116  242  793  677  718  327  233  687
  750  104  584  667   71  198  152  398  565  121
  604  535  656   49  525  671   73  529  778  258
  493  282  304  572  709  722  525  214  113  599
  567  220  712   46  600  637  384   31  464  668
  376  762  421  545  417  488  308  592   36  711
  763  315  728  200   53  200  796   99  652  666
  281  249  418  240   48  353  702  669  361  785
  799  276  420  737  139  778   51  722  693   83
  682  190  271  360  416  655    1  465   39  302
  239  530  300  332  336  175  730  480  226   63
  303  168  520  435  104  769  420  732  683  609
  601  384  523  171  663   64  354  120  652  264
  585  694   15  604  497  111  567  380  637   56
  795   16  361  563  626  129  489  125  446  656
  264  441  128  448  316  207   83  100   95  199
  626  621  149   75  414  748  523   50  734  360
   17    7  767  359   48  399  546  455  372  363
  363  372  455  546  399   48  359  767    7   17
  360  734   50  523  748  414   75  149  621  626
  199   95  100   83  207  316  448  128  441  264
  656  446  125  489  129  626  563  361   16  795
   56  637  380  567  111  497  604   15  694  585
  264  652  120  354   64  663  171  523  384  601
  609  683  732  420  769  104  435  520  168  303
   63  226  480  730  175  336  332  300  530  239
  302   39  465    1  655  416  360  271  190  682
   83  693  722   51  778  139  737  420  276  799
  785  361  669  702  353   48  240  418  249  281
  666  652   99  796  200   53  200  728  315  763
  711   36  592  308  488  417  545  421  762  376
  668  464   31  384  637  600   46  712  220  567
  599  113  214  525  722  709  572  304  282  493
  258  778  529   73  671  525   49  656  535  604
  121  565  398  152  198   71  667  584  104  750
  687  233  327  718  677  793  242  116  671   21
  580  438  593  711  369  289  449  546  257  623
  315  661  668  509  799  441  737  180  645   97
  293  751  747  780  263  386  412  233  165  550
  707   83   27  322  139  368  175  563  382  568
  379  661  245  675  452   21  432  330  526  702
  317  743  456  176   61    2  322  270  512   92
  262  220  674  420  443  470  611  327   59  166
  110  661  724  365    7  502  710  790  409  789
  666  363  110  652    7  796   39  458  724   54
  524  770  496   59   12  276  683  378  582  270
  488  529  596  120  269  458  399  560  405  729
  111  526  790  147  429  375  298  338  337  225
  575  563  530   18  141  385  244  305  627  690
  316    5  505   65   79  213  411  322  460  514
  377   49   62   59  143  645  306  220  455  184
  523  173   85   67   67  496  698  735  100  251
  641  693  444  618  255  541  163   37  450  633
  123  298  123  734  764  206  654  136  128  719
  132  466  258  147  370  768  753  130  153  353
  722  431  123   38  264   67  351  204  217  354
  611  364  512  589  543  777  240  367  450  289
  771  313  497   38  378  700  694  761  424  293
    5  350  786   16  509  339  221  233  675  739
  408   92  192  332  650  109   21  701  128  660
  784  648   59  317   92  481   89  597   35  230
  345  694  672  259   85  183  747   50   24  235
  678   93  603  323   33  680  449  346  125  223
   37  692  180  457  556  366  323  721  223  655
  485  256  106  798   19  624  341  746  417  596
  346   31  288  694  419  271  132  322   88  172
  610  132  113  479  295  653  182  541  706  157
  279  469  393  570  576  591  117  439  113   38
  484  709  518  583  743   68  366  678  745  326
  633  673  586  753  707  132  235  556  159  105
  769   15  785  432  171  540  584  359   74  435
  419  282  571  757  765  208  378  389  698  541
  493  793  477  475   38  663  608  203  703  378
  493  195   12  706  509   18  465  663  573  334
  422  746  218   74  603  767  106  639  298   74
  757  439  289  578  354   37  772  676   63   54
  619   90  681  607   18  516   21  306  305  514
  248  481  494  727  256  659  581  214  753   40
  388  670  520  112  406  131  761  140  637  329
   56  102  747  561  197  203  295  660  493  108
  299  421  135  556  339  300  213  789    2  119
  285  427  694  247  175  246  224  794   40  581
  403  565  412  429  477  347  654  328  771  273
  126  658  290  438  781  736  625  482  229   42
   60  559  172  223  491  513  209  694  535  796
  242  523  452  440  143  410  344  146  590  671
  283  105  486  550  353   93  103  753  624  419
  663  309  277  748  190  189   61  705  641  396
  648  778  439  335   57   60   75  704  629   12
  767  325   79  255  172  442  143  679   79  571
  391  343   36  639  210  542   41  304  643  371
  489  429  316  798  295  573  710    7   54  264
  275  719  789  507  386  624  531  559  203  583
  520  229  683  790  596  465   18  365  224  640
  170   48  671  589  758  765   53   92   39   90
  619  779  515  517  498   54  654  266  283   31
  169   61   52  367  562   82  315  641  723  352
  717  549  793  676  136  447   94  438  765  652
 19
 9 149 153 199 210 217 237 286 303 317 321 341 350 407 489 537 638 726 796
 25
 30 53 97 101 180 306 350 360 411 418 434 463 478 484 559 560 575 593 616 622 683 689 696 699 700
 19
 14 44 97 174 186 235 264 282 375 436 480 551 597 607 610 671 705 729 738
 19
 17 49 57 127 159 192 230 258 286 353 356 435 470 494 566 677 685 693 720
 27
 79 99 102 104 200 207 258 263 304 363 381 414 417 426 443 477 480 555 628 633 634 642 661 697 707 743 763
 24
 20 45 54 64 132 135 202 203 222 237 242 291 329 362 381 423 460 544 549 620 657 674 742 776
 19
 35 41 69 144 156 194 231 235 283 341 449 536 572 585 627 698 763 785 791
 15
 18 60 61 100 155 165 176 183 290 458 504 537 594 705 714
 29
 7 89 118 147 161 162 192 222 268 300 314 342 377 397 427 432 469 578 582 583 585 641 649 650 652 655 690 694 727
 28
 52 70 136 147 158 170 182 219 262 305 324 357 406 428 484 511 513 521 562 617 619 630 644 669 706 764 766 781
 34
 10 43 117 118 177 232 241 242 248 396 399 428 447 457 474 475 483 549 563 565 575 587 613 633 653 656 672 674 703 726 731 774 776 791
 20
 52 75 145 184 216 235 243 272 307 433 435 436 490 523 572 624 625 653 752 778
 20
 8 91 93 99 108 160 219 318 331 346 498 513 529 537 554 561 573 719 744 800
 27
 2 93 203 212 275 283 309 329 382 383 390 462 468 477 487 506 515 544 545 561 596 614 625 678 723 734 791
 19
 33 35 105 199 201 230 236 238 316 362 421 496 509 671 688 722 742 749 754
 13
 34 83 91 127 155 298 383 452 541 653 723 741 755
 23
 29 63 72 81 98 138 190 295 316 327 358 390 400 419 435 465 503 542 585 605 781 783 784
 22
 45 59 100 123 170 207 263 287 295 325 358 378 397 461 466 493 543 570 649 733 737 745
 19
 5 47 129 154 176 177 221 267 272 339 378 557 567 686 701 703 775 776 777
 25
 46 124 153 163 187 196 233 240 260 299 331 335 447 465 468 469 481 533 576 629 636 646 651 693 794
 21
 66 120 193 246 268 327 431 435 472 510 513 519 554 567 634 635 692 699 724 740 786
 21
 54 57 59 95 133 150 154 218 234 241 288 296 402 464 502 512 554 673 683 687 726
 24
 4 73 90 124 138 205 206 229 232 273 319 360 391 400 426 443 518 526 679 711 725 769 786 792
 14
 94 118 204 208 245 257 357 382 519 560 663 742 758 784
 20
 26 86 181 214 223 353 386 392 438 444 527 563 645 711 732 754 767 786 791 798
 19
 72 143 195 202 280 281 330 394 408 471 485 524 537 552 581 584 596 643 793
 25
 24 28 93 100 131 158 165 223 244 258 345 384 440 452 462 472 519 549 569 693 713 717 728 740 787
 18
 31 42 91 92 152 157 195 320 361 448 540 547 560 667 675 720 762 768
 16
 19 30 76 82 90 95 101 102 267 270 488 648 718 730 788 800
 24
 15 80 110 121 171 197 220 231 403 409 418 455 539 556 597 645 654 662 700 701 728 739 765 792
 26
 7 9 27 31 52 65 131 136 224 292 302 332 355 402 479 491 550 553 576 581 614 638 680 709 746 796
 24
 6 51 61 114 218 268 279 281 284 287 328 442 467 527 548 589 640 648 650 660 688 710 734 743
 22
 13 14 38 103 110 189 193 233 302 367 393 441 497 501 535 560 584 611 663 673 750 770
 11
 41 122 160 343 358 389 407 570 628 721 751
 20
 70 89 98 132 135 169 179 259 294 530 534 537 546 558 627 658 670 687 747 797
 13
 86 137 148 185 216 276 331 373 480 586 598 613 695
 20
 23 34 42 44 46 72 121 128 141 164 213 336 347 360 392 422 441 453 545 756
 21
 39 52 156 172 199 311 319 321 398 456 509 528 535 551 571 577 639 656 685 699 702
 24
 1 5 33 71 99 116 143 151 309 312 332 350 369 457 458 499 521 524 543 580 604 640 646 657
 23
 6 109 115 183 224 238 285 299 338 399 416 469 503 512 526 539 573 590 598 602 677 682 730
 23
 57 65 91 99 109 153 190 248 252 267 286 348 369 484 485 498 589 641 645 674 705 731 773
 26
 55 68 73 85 126 139 175 191 204 212 239 247 300 303 311 313 323 331 530 597 599 606 630 664 665 753
 26
 15 57 103 125 133 136 220 289 328 342 359 430 474 480 522 534 550 567 577 602 615 626 668 680 722 751
 23
 74 83 134 139 146 215 297 308 326 348 376 413 421 615 625 641 652 700 732 735 752 787 795
 25
 38 73 149 252 264 271 354 380 401 405 424 459 486 500 546 565 575 579 603 639 664 666 718 760 782
 28
 36 67 107 113 166 170 214 218 256 259 261 273 282 293 310 334 397 439 504 525 562 597 608 620 681 709 791 799
 18
 13 38 88 112 129 181 185 208 239 262 345 355 445 553 562 591 732 753
 22
 32 62 99 191 200 211 257 269 332 371 380 450 494 505 592 610 624 648 694 698 708 778
 22
 24 28 50 79 134 178 311 315 364 378 398 442 476 492 516 531 643 715 723 731 748 762
 22
 4 106 111 128 180 182 288 310 361 387 437 451 484 487 535 609 622 677 723 727 772 795
 22
 37 50 210 274 280 385 395 413 473 495 496 514 555 556 567 578 607 652 655 728 765 782
 23
 20 25 47 51 57 81 126 130 148 163 225 265 278 320 389 400 455 471 542 547 600 637 774
 31
 8 36 45 63 104 118 125 144 162 203 244 269 285 321 358 374 406 412 415 445 486 506 571 600 666 675 704 724 737 790 799
 23
 1 43 60 108 117 146 197 207 240 322 333 414 493 591 612 619 621 650 676 684 768 779 785
 25
 3 27 30 64 85 125 131 136 205 226 315 331 386 447 476 488 508 511 565 637 655 680 718 735 736
 19
 95 140 167 178 179 196 307 311 346 397 408 580 668 699 716 771 780 789 791
 22
 11 77 90 141 211 247 251 274 276 484 491 499 511 518 570 588 595 681 692 697 756 788
 20
 12 68 125 266 297 301 335 396 405 419 420 423 466 517 570 712 733 739 781 794
 24
 63 69 89 172 186 187 225 260 270 271 278 298 305 344 410 456 563 611 626 647 654 669 676 787
 31
 11 150 168 174 206 217 243 246 274 280 309 314 329 340 347 364 366 373 392 409 447 473 543 609 677 696 700 757 776 779 798
 19
 2 130 164 183 198 232 250 284 313 375 397 415 440 526 579 708 735 744 785
 21
 5 16 58 138 173 228 250 277 280 338 388 482 484 494 502 524 533 568 571 616 761
 44
 39 53 84 87 92 106 118 144 158 167 194 200 209 219 227 228 257 289 304 323 370 380 425 445 464 500 508 522 525 531 557 574 590 594 649 660 689 707 740 746 759 761 765 767
 24
 20 113 189 190 215 252 255 318 321 366 412 433 442 449 520 559 624 643 682 689 714 722 744 777
 23
 129 157 160 161 164 171 216 261 382 393 416 424 451 567 568 583 591 592 617 737 741 760 786
 29
 5 21 71 98 119 249 276 293 333 349 410 429 432 437 442 505 521 535 536 538 554 580 601 651 722 729 754 766 773
 30
 1 40 56 75 109 114 209 254 267 292 316 367 370 383 392 401 444 454 461 462 478 558 621 629 648 682 691 722 729 788
 19
 3 16 22 29 86 135 177 190 202 212 229 563 614 618 623 631 654 702 789
 17
 49 96 139 188 209 242 256 296 349 352 379 395 464 475 552 603 690
 28
 62 87 105 109 120 122 152 198 245 259 351 353 362 368 381 391 403 460 463 544 559 618 620 628 647 699 712 794
 28
 12 67 145 151 217 253 280 308 309 330 337 354 384 404 431 434 446 459 492 495 507 532 582 585 591 622 704 771
 26
 130 164 168 213 290 321 344 355 379 418 448 501 517 548 574 593 595 601 659 662 672 684 691 723 747 748
 22
 31 48 69 77 81 100 106 107 184 235 368 420 475 515 528 667 679 730 745 758 770 794
 21
 3 76 137 173 251 266 277 319 326 339 371 372 417 454 481 523 612 634 642 661 780
 24
 8 55 63 119 134 142 152 175 189 203 289 317 343 387 429 483 498 540 582 586 726 733 759 793
 23
 10 36 39 56 84 99 111 340 351 352 353 446 456 517 557 566 662 715 724 739 750 775 790
 26
 3 45 66 227 253 286 365 391 411 414 508 532 564 580 632 660 670 680 701 703 704 706 709 722 728 749
 29
 37 40 78 121 123 162 254 306 335 337 377 390 414 422 425 468 516 517 538 542 569 599 606 652 678 711 721 736 755
 19
 91 142 188 213 354 398 410 430 510 520 533 536 543 561 605 608 665 688 785
 23
 26 58 68 94 112 159 224 234 291 309 425 429 460 470 475 514 541 604 609 631 716 764 772
