2
 40   200
  180   81  144  118  192   55  124   28  193   40
   14   88  167  191   26  107   72  138  167  170
  136  133  190   10   99  145  173   18   31  143
  168    8    1  181  162  109  134  141  110   65
   69  106  139   25  127   95   35  159   10  177
   25   78  164  154   31   91    2  162  134   82
  148  124  160   81   36  117  109  154   20  110
  190   25  184  175    2  106    4  139  130  130
   55   67  156   75  123   90  161   21   71   64
   91   86  162   61  194  185  176   81   31  133
   49    1   76  194   91  179  139   60   41  177
   64  162  164  193   17   91  184    7  146  120
   40   92   41    4   62  105   72  101   25  155
  160  177   64  128   23   95   38  134   37   85
  128  191  170   24   56   18   39   42   56   69
  162  156  171  110   95  141   61  101  102   26
  157  138  180  189   58   84   85  138  187  119
  139  133   35  182  192  195   22  130   46  132
   91  134   78  127  193  167   23  190  103  130
  152  150   16   65   27   41  197  168  157   70
   70  157  168  197   41   27   65   16  150  152
  130  103  190   23  167  193  127   78  134   91
  132   46  130   22  195  192  182   35  133  139
  119  187  138   85   84   58  189  180  138  157
   26  102  101   61  141   95  110  171  156  162
   69   56   42   39   18   56   24  170  191  128
   85   37  134   38   95   23  128   64  177  160
  155   25  101   72  105   62    4   41   92   40
  120  146    7  184   91   17  193  164  162   64
  177   41   60  139  179   91  194   76    1   49
  133   31   81  176  185  194   61  162   86   91
   64   71   21  161   90  123   75  156   67   55
  130  130  139    4  106    2  175  184   25  190
  110   20  154  109  117   36   81  160  124  148
   82  134  162    2   91   31  154  164   78   25
  177   10  159   35   95  127   25  139  106   69
   65  110  141  134  109  162  181    1    8  168
  143   31   18  173  145   99   10  190  133  136
  170  167  138   72  107   26  191  167   88   14
   40  193   28  124   55  192  118  144   81  180
 22
 1 10 40 47 50 51 70 71 76 93 139 150 157 164 166 172 182 188 191 193 194 199
 22
 4 15 34 36 40 42 44 45 54 56 57 64 66 67 74 111 138 171 173 186 187 190
 17
 6 23 28 31 35 38 62 71 93 108 110 130 142 166 173 174 192
 18
 4 36 38 57 60 80 82 107 118 124 134 137 142 148 156 162 171 179
 16
 1 23 42 49 56 63 66 89 102 109 160 164 173 182 185 198
 16
 2 19 23 27 33 90 92 95 132 134 136 160 174 184 186 191
 18
 4 7 32 44 63 76 79 86 96 109 124 145 153 164 171 182 185 192
 15
 1 46 72 78 81 87 88 91 100 125 143 160 170 190 192
 19
 8 11 32 40 42 53 63 65 75 81 85 89 109 150 152 156 161 180 200
 22
 7 10 20 48 58 71 76 79 91 112 113 121 130 131 132 135 140 158 159 161 173 175
 15
 52 76 92 100 114 115 128 129 149 159 175 176 193 196 197
 21
 5 32 45 46 53 66 81 82 97 115 117 119 120 129 138 141 153 159 188 191 199
 18
 16 29 35 48 55 56 90 100 104 113 130 140 150 156 161 168 180 199
 21
 11 12 13 20 37 47 48 49 73 77 82 83 86 88 107 108 122 124 150 170 196
 15
 12 17 23 31 39 67 92 98 103 108 109 142 148 162 194
 19
 6 10 27 37 46 56 58 65 70 79 109 127 129 162 175 179 181 195 198
 18
 10 34 49 51 54 56 57 75 84 87 110 114 116 122 176 190 195 196
 28
 1 3 7 15 21 43 48 51 73 88 98 101 102 104 108 109 111 119 125 126 140 144 158 160 176 178 199 200
 22
 2 3 4 10 19 30 34 52 54 64 65 68 72 82 93 119 126 155 165 177 191 200
 21
 22 34 35 41 42 52 54 59 71 74 77 83 93 124 136 139 158 168 172 188 199
 19
 2 9 17 18 27 57 69 84 85 87 105 112 134 136 141 146 157 160 181
 16
 20 25 46 55 94 107 114 120 125 140 143 151 170 176 182 200
 26
 5 9 10 12 37 41 53 54 56 59 69 89 99 100 120 122 147 153 163 176 180 185 187 190 193 195
 14
 8 38 45 58 66 83 86 101 137 146 151 165 176 185
 22
 5 15 17 19 20 21 26 32 45 49 83 88 107 115 120 169 172 175 180 187 193 200
 15
 24 26 29 31 47 51 56 71 74 104 109 150 152 186 194
 23
 1 12 16 17 19 34 39 40 54 63 67 70 92 94 103 129 130 136 143 152 162 164 189
 17
 1 8 20 57 58 99 113 117 127 134 154 167 174 175 185 186 189
 21
 2 10 25 50 70 77 96 106 108 119 122 123 143 148 149 152 163 175 183 184 189
 24
 14 16 22 27 34 43 52 55 61 66 80 108 109 121 128 138 147 148 155 163 164 169 184 191
 21
 31 32 40 43 49 50 51 54 68 71 74 87 98 123 146 154 171 173 180 185 186
 16
 2 11 22 24 36 104 131 139 170 175 180 181 185 195 197 198
 19
 1 12 23 32 36 43 55 60 68 88 95 103 106 119 143 146 164 165 191
 22
 7 20 30 39 45 54 58 62 66 86 97 101 108 113 114 117 133 140 142 145 163 184
 27
 16 19 22 33 36 42 47 54 79 82 83 85 88 97 105 109 128 131 148 150 154 162 167 191 193 198 200
 29
 1 13 15 30 42 44 45 59 60 61 80 87 88 89 96 109 111 117 118 120 128 130 142 145 155 161 176 192 197
 25
 1 6 7 20 31 55 71 73 74 87 89 93 100 106 108 123 132 133 166 168 177 178 185 188 193
 21
 1 2 18 24 31 41 48 64 83 85 95 114 116 132 134 135 144 161 178 183 189
 24
 1 7 12 17 22 27 39 44 48 61 63 84 87 92 94 96 102 112 129 136 161 171 179 193
 16
 1 3 13 14 42 49 78 119 122 134 138 140 146 152 178 199
