2
 40   200
  117  117  117  117  117  117  117  117  117  117
  117  117  117  117  117  117  117  117  117  117
  117  117  117  117  117  117  117  117  117  117
  117  117  117  117  117  117  117  117  117  117
  117  117  117  117  117  117  117  117  117  117
  117  117  117  117  117  117  117  117  117  117
   43   43   43   43   43   43   43   43   43   43
   43   43   43   43   43   43   43   43   43   43
   43   43   43   43   43   43   43   43   43   43
   43   43   43   43   43   43   43   43   43   43
   43   43   43   43   43   43   43   43   43   43
   43   43   43   43   43   43   43   43   43   43
  128  128  128  128  128   39   39   39   39   39
   39   39   39   39   39   39   39   39   39   39
   39   39   39   39   39   39   39   39   39   39
   39   39   39   39   39   39   39   39   39   39
   39   39   39   39   39   39   39   39   39   39
   39   39   39   39   39   39   39   39   39   39
   39   39   39   39   39   39   39   39   39   39
   39   39   39   39   39   39   39   39   39   39
   39   39   39   39   39   39   39   39   39   39
   39   39   39   39   39   39   39   39   39   39
   39   39   39   39   39   39   39   39   39   39
   39   39   39   39   39   39   39   39   39   39
   39   39   39   39   39   39   39   39   39   39
   39   39   39   39   39   39   39   39   39   39
   39   39   39   39   39   39   39   39   39   39
   39   39   39   39   39  128  128  128  128  128
   43   43   43   43   43   43   43   43   43   43
   43   43   43   43   43   43   43   43   43   43
   43   43   43   43   43   43   43   43   43   43
   43   43   43   43   43   43   43   43   43   43
   43   43   43   43   43   43   43   43   43   43
   43   43   43   43   43   43   43   43   43   43
  117  117  117  117  117  117  117  117  117  117
  117  117  117  117  117  117  117  117  117  117
  117  117  117  117  117  117  117  117  117  117
  117  117  117  117  117  117  117  117  117  117
  117  117  117  117  117  117  117  117  117  117
  117  117  117  117  117  117  117  117  117  117
 18
 24 25 27 37 69 75 88 103 119 124 125 135 149 153 157 163 168 198
 10
 79 89 106 107 126 135 150 152 175 176
 6
 31 44 141 152 166 177
 8
 32 58 67 86 112 131 149 192
 10
 2 13 25 43 102 117 122 141 147 162
 11
 6 7 13 30 44 74 99 120 142 155 186
 12
 2 49 62 67 84 87 100 121 125 146 159 195
 12
 1 27 32 33 46 79 100 150 154 157 177 192
 15
 17 45 62 76 79 85 95 110 125 129 132 151 156 187 190
 6
 53 78 139 153 175 179
 10
 5 11 28 34 36 66 73 94 148 156
 10
 12 22 73 111 123 140 155 171 179 185
 12
 18 29 42 57 82 96 137 144 180 181 184 188
 8
 8 16 39 56 88 92 101 143
 16
 1 18 29 35 42 61 64 76 81 103 108 118 123 134 167 193
 14
 3 15 25 30 38 52 70 80 120 128 176 181 183 196
 10
 17 55 71 165 166 169 178 183 187 200
 10
 3 15 16 50 64 106 116 132 178 183
 8
 8 19 49 83 151 161 172 200
 10
 23 38 69 82 114 136 145 148 186 196
 15
 3 18 21 26 28 40 50 105 111 138 144 146 170 173 191
 17
 19 29 43 47 51 68 71 95 101 110 139 145 160 168 178 188 190
 11
 7 20 22 34 35 54 86 90 122 174 184
 11
 6 9 45 91 97 98 104 113 143 161 199
 13
 4 20 31 51 60 71 77 97 130 136 169 189 199
 10
 9 10 29 74 75 111 118 135 171 197
 13
 14 40 48 58 93 95 125 140 142 153 159 175 182
 10
 21 51 55 66 78 89 102 105 133 158
 6
 68 83 162 188 190 193
 9
 39 48 60 63 109 164 185 189 195
 8
 4 5 14 87 127 133 137 170
 11
 33 42 63 65 94 108 114 115 116 173 182
 7
 36 41 124 147 172 174 198
 11
 10 23 37 47 61 85 98 115 131 163 164
 6
 24 41 46 59 84 180
 10
 11 39 56 75 80 81 110 121 129 130
 15
 26 52 53 91 92 93 109 119 123 126 127 135 138 160 167
 12
 15 56 59 65 70 72 90 119 126 158 160 175
 15
 12 26 38 50 54 57 77 96 112 113 117 128 165 194 197
 8
 72 99 104 107 134 154 191 194
