2
 60   600
  192  444   70  191  587  239  533    6  517  353
  567  105  390  331   55  507  347  149  489  188
  114  336  452  228  206  586  392  460  229   23
  438  247  411   33  581  400  407   85    7  165
   87  363  158   46   11  526  537  191  525  466
  499  176  211  212  451  586  424  442   32   31
  379  126  243  328  120  439  252   66  162  277
  129  225  410  451   80   37  106  346  349  238
   99  505  175   59  148  541  189   92  238  441
   71   54  485   92  504   70  330  333  255  533
  135  332  495  380    6  387  103  226  120  286
  579  185  190  285  127  347  483  253  296  584
   50  295  108  114  211  137  239   49  306  514
  390  301  384  271  162  233   48  125  111   91
  600  540  106  360   17  125  189  586  256  392
  452  413  429  137  458  427   93  572  595  119
  575  584  331  236  155  320  585  271  559  514
  401   57  585  359  465   32  332  215  498  381
   80  247  491   76  562  272  145  257  128  184
  386  239  155  573  162  391  100   44  423  274
  382  104  353  291  129  229  514  427  573  225
  365  255  406  173  307  509  189  517  379  260
  455  425  586  466  317  533  285  399  447  211
  303  309  419  593  294  458   55   58  249  387
  131  113  438  317  450  217  542    8  173  326
  212  589  129  133  484  447  321  493  111  126
  325  200  591   53  185   32  557   11  481  461
  249  246   76   29  462  155  201  104  274  410
  495  514  556  238  140    9  442  281  365  455
   88  351  327   80  594  550   12  568  299  235
  231  245  565  521  167  523  472  146  462  171
  533  306  203  172  470  104  560  592  291  293
  102  174    8  248  280  170  323  491    8   38
  324   86  121  483  370  213  237  161  399  267
  351  388  170  498   75  581  113  254   88  377
  433  343  385   13  316  178  458  318  239  537
  509  448   78  340  309  171  414  104   34  198
  372  474  363  430  248  362  360  567  163  533
  465  111  332  349  348  589  574  176  407  224
   80  330  238  363  145  264  345  326  332  419
   93  193  308  431  112  279   69  538  312  382
  411  201  562  168  172   29  212  396  246  113
  417  554  341  140   85  591  103  183   91  307
  291  266  172   84  136  514  207  509  384  121
   94  139  241  273  193   56  124  513    9  280
  433  501   99  352  328  337  557   50  363  411
  506  401   83  569  342  352   90   62  113  526
  487  245  286  165  572  315  336   55  404  279
  451  578  312  145  370   62  414   86  545  570
  589  310   56  290  184  370  514  258  325  195
  475   64  386  548   66  570  300  479  483  135
  389  179  152  195  541  128  269  380  377  333
  112   62   54    6  190  474   47   72  487  495
   60    7  206  431  408  583  266  418  396  139
  404  521  350  523   59  424  344  309  482  582
  311  487  567  221  493  371  243   94  535  102
  422  476  243  190  428  310  299  426  222  285
  524  300  183  279  121  281  485    1   68   56
  257    7  520  421   23  296  243  340  591   53
  230  439  147   75  546  284  187  344  138   98
  537  533  167  585  162  377   94  277  479  201
  533  321   85  436  343   94  230  420   62  516
  305  376  516  136  571   78  320  465  582  464
  379   90  436   97  201   35  254  124   83   45
  325  354  292   29  585  546  479  204  409  105
  157  236  341  413   99  124  229  390  167  266
  338  230  573  395  152  200  468  396    6  362
  116  247  533  403  151  496  244  586  186  470
  395  137  213  569   30  383  330  424  447  328
  556  354  279  104  279   81  450  180  367  348
  192  405  361  309   29   19  447   72  138  515
  147   78   38  458  464  301   18   87  391  370
  254  184  314  353   31  463  331  243  363   21
   69   58  366  137  558  188  139  597  155  526
  515  489  482  303  415  379  198  316  335  222
  207  572  349  437  209  136   75  170  454  188
  508  167   56  556  455  589  485  506   73  412
  110  584  484  525  142  437  281  204  599  318
  275  151  260  373  381  244  176  251  208  429
  185  174  198  595  500  400  199   89  568  593
  423   85  535  125   54    5  211  559  551   76
  297  386  420   31  195  484  455  245  365  356
  429  540   67  530  191  317  343  152   92  576
  475  349  139  148   72  554  317   76  328  228
  352  309  511   18  246  528  506  510   96  548
  273  348  398  144  244   70   57  365   45  498
  334   33  415  510  449  238  347  106  356  268
  393  458   84  555   20  264  327    9   75  561
   83  127  573  433  283  427  179  332  207  155
  377    7  556   98  257  185  419  359  369  411
  363  429  139  395  575  516  132  413  449  279
  553  480  344  385  514  421  391   53  130  409
  168  179  528  115  258  179  361  213  553  548
  512  350  149  165   55  295  168  578  251  328
   42  497  599  457  575   18  451   88  397  151
  572  362  384   47  483  409  127  443  421  412
  324  198  278  163  376  421  132  559  281  432
  337  458  169  446  415  388   49   38  221  271
  283  201  204  251  442   44  117  303  109  110
   21   93  301  586   87  141  327  434  304  324
  488    3  248  276  181   11  364  597  264  283
  401  578  314    5  276  247  117  163  242  377
  237   74  477  252  559  434  256  125  260  597
  222  105   28  389  243  495  425  134  301  167
  520   18  383   29  595  377   63  435  116  301
  340  566  160  400  471   72  350  102  518  383
  521  432  507  149   95    3  367  185   45  435
  208  504  439  270  131  186   68  373   99  335
  358  343  309  240  500  468   95  321  319  148
  306   35  348  175  361  251   55  232  220  505
  475   63  487  384  221  157  259  441  559  556
   33  460  576  292  581   99   39  451  337  359
  221  389  349  504  421   64  284  272  399  479
   69  503  288  515  563  389  104  415  287   41
  243   81  225  530  455  349   38   91  387  562
  523  291  118   87  475  453  101  435  531   46
  528  257  575  470  102  402  572  151   38  190
  272  261  583  424  198  546   82  328  362  521
  162   82  462  519  579  497  255  268  569  199
  252  433  403   71   41  219  240  216  114  576
 26
 13 24 62 107 143 177 189 190 215 226 290 294 312 355 407 425 426 432 449 460 466 508 511 555 567 586
 25
 30 35 147 168 203 248 265 305 310 311 322 327 344 353 428 455 464 501 518 519 563 565 571 573 594
 22
 5 38 83 174 184 188 208 219 221 245 324 327 337 338 339 347 365 424 520 568 577 591
 17
 108 117 142 191 208 211 234 266 276 353 392 415 417 441 463 490 493
 26
 11 33 75 98 121 146 148 189 199 252 301 311 330 342 349 396 410 422 440 441 445 481 488 521 545 549
 18
 61 90 113 114 141 170 240 244 275 322 366 367 394 404 504 511 559 597
 19
 1 31 64 66 76 90 104 149 153 156 161 194 254 306 310 325 341 486 592
 25
 23 26 37 97 185 190 202 207 217 230 246 313 315 328 331 335 348 451 469 491 494 520 539 543 569
 18
 40 45 65 67 80 89 107 205 254 255 280 288 317 328 375 436 484 485
 16
 1 24 52 74 102 152 153 282 283 301 304 395 424 496 503 583
 15
 1 3 19 55 124 155 235 246 266 296 399 446 481 483 485
 22
 9 27 54 78 141 164 175 178 186 227 228 258 314 395 398 413 423 467 538 555 561 574
 30
 29 40 54 58 59 85 88 132 135 137 138 144 157 197 202 272 277 285 295 342 355 401 473 482 495 521 551 583 586 597
 17
 2 171 224 277 309 317 359 361 396 437 463 498 499 525 531 534 589
 22
 15 48 67 87 101 115 147 217 279 352 385 393 397 412 459 473 506 523 538 539 588 593
 10
 55 191 250 333 383 406 409 418 502 518
 18
 82 97 98 155 195 239 242 257 261 339 361 369 387 454 467 489 517 546
 25
 20 30 91 119 129 151 152 222 224 225 263 319 332 334 373 388 411 438 513 522 552 553 556 579 584
 18
 10 94 133 158 170 176 198 209 326 429 453 474 483 522 530 536 574 599
 25
 27 33 43 49 92 167 194 243 286 309 351 365 367 371 374 402 436 450 475 476 478 510 511 532 600
 21
 18 28 115 146 185 187 197 210 211 229 236 250 260 287 305 318 368 501 512 564 595
 22
 23 56 59 72 120 129 161 164 212 220 225 277 297 315 320 356 403 479 533 548 558 571
 21
 48 123 162 212 272 288 299 318 325 354 415 444 457 472 489 493 507 527 546 557 583
 18
 2 12 30 51 61 62 100 142 179 235 258 280 303 345 447 509 540 578
 17
 63 70 72 78 83 144 159 200 216 261 265 327 386 487 506 539 567
 24
 6 31 63 135 136 169 194 199 240 299 302 307 338 360 382 394 419 423 429 436 482 484 494 524
 22
 17 36 91 99 150 182 193 241 245 291 293 334 370 410 421 430 450 477 500 525 547 598
 18
 111 114 128 234 253 298 311 326 336 347 371 389 432 455 500 516 580 591
 17
 48 73 81 92 222 227 281 348 352 365 380 381 384 465 487 497 553
 25
 9 17 46 53 63 76 80 83 184 293 302 330 349 360 376 381 388 433 449 457 479 496 534 562 599
 16
 12 13 58 127 160 172 178 186 188 209 363 367 383 390 515 583
 23
 42 84 134 172 222 238 243 247 250 267 332 341 363 373 384 398 408 413 426 458 554 561 581
 14
 34 175 218 254 259 271 329 331 340 387 408 420 507 582
 19
 16 20 68 181 209 261 269 280 320 352 384 401 430 443 450 490 539 559 589
 27
 8 18 27 47 50 53 60 106 126 166 233 256 266 283 289 312 314 377 412 416 420 456 533 541 552 556 597
 21
 6 47 59 79 93 173 181 213 231 232 249 282 329 372 431 455 480 510 550 560 565
 18
 56 111 132 138 177 203 217 285 350 365 395 418 425 440 529 550 573 590
 30
 4 11 32 50 74 81 116 126 128 148 223 225 226 243 266 271 276 300 316 357 368 371 448 451 465 499 544 566 588 592
 20
 39 51 60 110 150 151 156 176 196 214 270 303 304 333 375 434 461 536 542 558
 17
 14 46 126 210 216 260 337 357 362 377 390 462 475 488 504 549 575
 20
 25 82 133 140 163 193 255 284 305 359 374 404 407 439 468 476 543 572 594 596
 22
 94 116 123 134 174 196 231 246 247 295 345 364 372 378 450 455 526 529 535 537 544 564
 21
 7 25 35 86 95 96 125 131 145 201 249 252 296 323 324 351 366 385 459 511 526
 28
 28 42 109 110 165 182 200 204 206 233 269 315 335 409 435 439 450 461 474 479 480 492 503 505 515 528 548 554
 15
 21 105 145 229 232 242 276 411 414 421 437 527 575 576 582
 25
 7 41 75 93 102 131 185 186 213 225 253 264 270 273 284 389 393 400 477 491 513 514 528 541 585
 23
 36 64 73 77 143 149 205 225 237 274 335 338 391 419 425 442 454 461 509 537 549 572 580
 15
 52 87 108 119 180 263 267 346 379 380 452 469 479 511 514
 24
 22 34 57 60 88 127 136 148 158 167 260 268 278 299 305 340 392 394 431 464 470 530 550 577
 35
 37 39 60 68 84 89 101 106 122 142 157 168 195 208 251 275 290 292 306 316 327 382 412 446 448 459 470 471 473 536 541 557 560 584 596
 27
 10 21 77 100 110 118 124 218 247 261 320 336 341 342 343 352 354 358 440 454 474 485 489 508 570 585 598
 18
 68 70 95 99 134 139 173 179 180 181 221 313 367 416 460 495 515 524
 23
 10 49 57 79 107 118 130 171 201 251 263 298 308 362 376 422 438 443 448 452 472 478 542
 18
 16 48 103 230 256 269 277 289 364 396 414 415 434 445 471 556 561 593
 19
 22 26 71 78 86 103 112 165 173 183 204 257 260 262 266 314 545 559 587
 14
 41 104 120 122 154 166 278 321 340 356 358 551 562 570
 20
 5 7 49 64 114 140 154 181 192 201 308 336 399 430 492 519 544 563 576 587
 28
 44 69 86 120 137 139 160 162 172 183 207 220 236 294 343 351 358 374 384 408 428 433 453 462 464 535 568 578
 23
 14 29 42 66 116 122 134 159 165 272 289 306 350 370 400 403 405 418 427 435 498 571 600
 19
 4 33 150 215 219 228 239 259 287 300 308 344 379 397 470 512 538 566 581
