2
 40   400
  128  314  146  165  290  112   64  115  147   17
  369   63   72  256  132  359  227   20  178   62
  128  184  234  130  202  102  249  283  376   11
   45  150  149   81  218  192   31  101  218  337
  170   46  175   46  130  324  159  333  198  191
  298  215  319  396  236  128   11  119  397  258
  170  380  287  212  320  371  396   77  133  319
  185  394   17  305   92  117  268  382  256  371
  276  269  110  332  265  317  186  299  350  187
  137  348   82  253  302  259  314  209   72  174
  254  192  215   49  281  143  146  261   33   75
  296   28  272  337  279  375  135   48  145   15
  216   86   28   40  362  346  134  269  186  314
  140  365   79   55  348  251   85  102  308  302
   82   16  297  321   36  203  244  222  360  166
  317  122   72  102  211  251  115  188  290  237
  387   91  290  303  366  294  156  316  200   79
  290  287  321  270  312  213   46   80  179  263
   10  124   73  235  302  280  111  303   13   49
  390   59  263  128   91  317   19  191  228  400
  293   78  208  372   65  173   17  181  243  191
  364   61  353  350  101   54  168  188  144   25
  353  142   78   77  172  231   54  132   31  389
  335  345  167  120    6  241   24  213  379   41
  201  250  122  362  192  192  372  299  213  212
  322   30  311   75  328  149   54  343  199  340
   86  126  191  214   45  227  159  291  212  124
   14  327   80  316  103   18  191  227  392   62
   45  223    9  296   64  242  311  356  375  289
  260  197  342  372  168  102  148  118  354  328
  164  304   65  300   32  291   79  293  307   76
  342   51  140  254  196  195  315  153  119  253
  132  270  136   78  391   30   37   97  331  323
  392  384  195   82  251  383  229  170  292   68
   77  340  100  298  120   92   87  191  318  168
  386   48  398  200  374  365   90  332   55  300
  207  326  226  269  175  137  108  114  157   77
  333  206  260    4  183  152  358  311  173   39
  223   93   24  123  189  126  268  112    5  264
  311   76   14  102  340  172  337   85  163   34
   34  163   85  337  172  340  102   14   76  311
  264    5  112  268  126  189  123   24   93  223
   39  173  311  358  152  183    4  260  206  333
   77  157  114  108  137  175  269  226  326  207
  300   55  332   90  365  374  200  398   48  386
  168  318  191   87   92  120  298  100  340   77
   68  292  170  229  383  251   82  195  384  392
  323  331   97   37   30  391   78  136  270  132
  253  119  153  315  195  196  254  140   51  342
   76  307  293   79  291   32  300   65  304  164
  328  354  118  148  102  168  372  342  197  260
  289  375  356  311  242   64  296    9  223   45
   62  392  227  191   18  103  316   80  327   14
  124  212  291  159  227   45  214  191  126   86
  340  199  343   54  149  328   75  311   30  322
  212  213  299  372  192  192  362  122  250  201
   41  379  213   24  241    6  120  167  345  335
  389   31  132   54  231  172   77   78  142  353
   25  144  188  168   54  101  350  353   61  364
  191  243  181   17  173   65  372  208   78  293
  400  228  191   19  317   91  128  263   59  390
   49   13  303  111  280  302  235   73  124   10
  263  179   80   46  213  312  270  321  287  290
   79  200  316  156  294  366  303  290   91  387
  237  290  188  115  251  211  102   72  122  317
  166  360  222  244  203   36  321  297   16   82
  302  308  102   85  251  348   55   79  365  140
  314  186  269  134  346  362   40   28   86  216
   15  145   48  135  375  279  337  272   28  296
   75   33  261  146  143  281   49  215  192  254
  174   72  209  314  259  302  253   82  348  137
  187  350  299  186  317  265  332  110  269  276
  371  256  382  268  117   92  305   17  394  185
  319  133   77  396  371  320  212  287  380  170
  258  397  119   11  128  236  396  319  215  298
  191  198  333  159  324  130   46  175   46  170
  337  218  101   31  192  218   81  149  150   45
   11  376  283  249  102  202  130  234  184  128
   62  178   20  227  359  132  256   72   63  369
   17  147  115   64  112  290  165  146  314  128
 17
 13 35 41 46 68 78 123 157 171 208 224 238 280 290 314 319 342
 19
 47 52 83 159 181 228 241 257 275 279 283 290 297 312 332 336 359 379 389
 23
 27 63 85 87 89 117 132 172 179 188 201 210 217 277 278 279 314 336 340 344 366 380 386
 17
 28 75 83 102 118 154 165 220 232 308 329 332 341 343 360 378 397
 15
 3 25 89 96 125 127 129 168 174 215 295 323 358 387 391
 19
 36 52 55 95 115 148 208 216 261 281 300 310 318 327 342 345 369 370 372
 16
 2 4 42 86 95 99 147 151 173 184 204 209 229 238 271 337
 21
 2 14 26 64 77 94 103 115 116 128 167 175 203 218 227 247 287 294 295 322 358
 23
 8 14 26 45 65 90 93 124 132 141 176 221 244 270 278 300 317 342 348 354 382 392 393
 19
 11 34 64 81 88 98 126 139 150 164 178 250 255 266 269 317 358 361 369
 11
 20 97 143 148 243 265 291 330 346 373 395
 19
 24 37 51 54 56 91 92 172 181 206 240 254 255 267 273 281 306 320 338
 19
 33 35 37 38 60 79 120 135 154 164 180 191 208 249 251 272 309 328 387
 27
 1 7 45 72 74 77 79 117 121 137 142 153 169 174 196 199 200 242 245 272 286 290 319 346 352 356 397
 24
 23 30 32 55 69 89 101 115 132 156 162 190 197 234 236 239 277 304 349 357 360 394 395 399
 22
 29 54 65 136 140 163 189 195 199 221 240 247 251 263 268 299 345 348 361 378 385 394
 18
 7 44 63 67 87 125 138 146 158 214 285 301 305 317 338 339 343 353
 29
 30 34 37 41 61 66 135 137 151 155 159 161 175 176 177 185 187 192 226 235 249 269 298 316 331 340 362 382 399
 17
 32 37 48 53 72 107 183 235 244 269 289 296 324 335 367 372 396
 19
 22 37 40 71 76 97 114 128 242 248 288 299 320 329 347 350 356 363 381
 25
 6 17 22 49 50 59 64 69 78 98 122 153 166 185 217 219 223 225 226 234 309 320 323 360 391
 21
 2 24 53 65 67 80 90 94 129 135 233 256 259 296 311 334 339 355 377 385 390
 13
 23 51 75 84 106 120 123 140 186 230 271 284 322
 25
 33 47 70 85 100 101 105 138 143 163 182 187 206 214 215 267 344 374 376 378 384 388 390 392 396
 18
 21 25 29 40 57 68 104 112 119 169 191 205 293 294 296 303 330 337
 22
 5 121 133 144 151 152 155 170 201 203 205 207 222 253 266 272 282 285 325 352 358 365
 18
 19 46 70 82 149 165 171 180 193 213 262 268 274 275 307 313 321 398
 27
 18 35 36 43 81 99 106 110 111 122 150 152 190 219 232 241 252 264 270 282 287 304 310 324 367 370 400
 21
 6 15 16 80 108 139 147 148 200 212 213 216 218 225 236 250 254 326 351 359 365
 23
 59 82 100 105 134 141 180 235 237 245 246 257 260 284 300 303 313 315 325 347 349 354 386
 15
 43 58 71 113 133 186 198 230 231 306 318 351 368 375 379
 17
 4 9 36 37 49 84 162 188 196 230 243 252 263 302 312 315 328
 12
 12 14 92 93 126 130 146 179 195 211 302 377
 20
 9 15 31 60 81 110 114 127 130 131 160 173 206 210 228 264 292 341 353 366
 16
 5 10 16 62 66 91 105 108 113 156 184 253 258 363 364 371
 19
 39 69 70 107 120 153 157 182 194 222 230 253 273 274 288 321 349 362 394
 22
 11 13 28 48 56 86 99 125 157 158 239 246 248 262 276 297 315 316 336 355 375 400
 27
 38 41 50 58 71 102 103 131 134 167 168 170 192 193 202 210 237 260 293 298 301 335 376 380 383 384 399
 17
 39 64 76 88 109 112 119 145 202 209 211 258 261 311 331 359 379
 16
 17 62 73 74 111 124 160 197 198 233 286 308 333 350 373 376
