2
 200   1000
  334  225  999  180  877  414  769  861  641  721
  413  926  352  482  806  738  442  969  530  522
  979  362    9  213  279  307  297  281  970  434
  823  326  386  762  598  954  692  694   42  876
  803  125  734  995  716  836  817  525  760  635
   14  807  518  805  237  528  246  227  610  590
  579  675  791   46  443  274  478  962  382   76
  535  477  960  898   82  878  603  566  453  646
  311  797  185  658   62  325  553  412   54  522
  628  816  110  482  289  485  513  301  981  628
   41  209  354  439  569  737  533  357  527  878
  599  708  292  697  485  371  368    8  562  348
   36  317  299  460  276  451  400  992  377  775
  771  777  574  332  999  966  990  871  389  628
  370   76  290   32  258  475  193  677  692  781
   29  548  243  120  420  829  923  490  395  739
  412  857  232  522  113  111  836   56  774  596
   61  230  645  258   47   15  248  977  894  537
  371  176  415  242  497  547  600  562  961  935
   59  813  808   92   11  422  178  345  953   70
  549  887  663  224  380  876  989   47   63  807
  326  381  533   79  940  187  945  413  331   92
  946  735  412  147  559  812   34  369   32  244
  316  307  481  336  771  902  640  470  825  444
  568  331  733  951   57   55   54  609  334  972
   52  104  534  659  178  603  965   95  747  462
   48  297  596  428  984  607  812  990  865  638
  775  490   18   65   22  623  884  930   89  839
  913  561  334  511  479  312  262  687   70   75
  845  435  446  916  576  558  174  551  706  365
  562  721   91  838  600  767  619  700  234  435
  106  839  571  318    7  882  202  438  915  262
  536  707  199   32   87  940  977  917  351  127
  923  301  157  455  200  867  266   89  494  882
  355  996  587  525  952  505  720  684  643  568
  183  821  345  988  945  800  608  145   56  508
  568  861  359  890  818   56  296  435  427   58
  152  720   40  154  473  373  556  164   46  302
  357  595  743  920  405  874  252  631  322  520
  248  617  956  127  672  982  830  952  107  623
  681  878  758  947  728    3  369  450  139  393
  666  444  394  681  436  940  904  310   21  328
  218  188  181  298  807  207  858  843  276  805
  123  161  278  456   86  795  386    4  849  587
  600  949  508  152  556  537   23  303  318  651
  321  751  144  722  439  940  567  759  123  824
  877  380  262  255  696  245  979  869    4  130
  750  940  998  401  963  792  518  535  834  174
  743  301  453  686  599  684  997  361  359  867
  141  411  778   30  472  171  632  199  220  339
   32  107   52  591  786  248  363  614  321   26
  562  551  477  878   19  631  831  200  594  229
  952  390  249   78  127  462  869  709  961  196
  994  928  702  784   52  418  248   65  885  134
  471  121  139  562  620  321  813  311  868  842
  523  466  403  696  734  187   44  803  353  258
  594  202  945  532  663  391  177  712  201  225
  126  494  436  778  646  622  646  130  400   20
  684   61  863  252   10  511  321  699  889  428
  416  651  744  254  669  770  517  353  628  478
  973  917  978  376   11   73  226  429  119  236
  955  407  589  103  588  255  987  627  998  763
  219   95  169  162  506  236  709  618  266  727
   61  647  503  582  812  322  841  913  514  247
  813  444  676  715  835  660  183  203  628  324
   76  310  373  565  557  166  831  777  325  621
  810  537   91  641  975  306  250  262  572  635
  867  213  799  787  840  382  832  668  279   58
  287  261  620  922    6  973  655  792  135   93
  307  326  547  205   49  944   24   78  633  661
  665   99  349  166  860  830  850   38  625  898
  809  420  996  192  612  457  209  820  640  665
  317  368  450  941  148  780  573  262  626   28
  281  936  237  972  684  515   18  957  330  667
   49  151   41  639   32  980  605  543  797  598
  348  339  714  520  384  551  722  352  664  418
   96  469  764  411  771  822  588   47  349  827
  727  437  126  597  280  555  579  990  745  260
  301  157  796  783  511  821  558  132  815  432
  587  447  514  942   47  460  101  488  591  428
  755  717   22  580  895  325  542  639  484  539
  516  832  923   34   48  930  522  384  275   53
  287  182  662   69  112  241  130  236  309  375
  992  493  601  321  510  346  924  267  948  299
  981  519  783  464  548  730  610  538  194  658
  830  216  730  100  129  176  475  554  543 1000
  561  622  848  787  465  403  918   62  518  520
   61  555  455  298  400  909  252  488  783  754
  785  898   80   61  895  698  645   67  638   75
   38  563  156  424  134  388  666  784  996   22
  227  448    4  180  114   30   54  984  131   90
  133  993  573  358  979  440  331  933   18  976
  319  279  648  119  299  742  944  331  447   76
  767  936  854  770  591  879  331  100  670  322
  984  483  946  229  184  998  862  803  927  217
  978  480  148  490  546  420  515  801  258  969
  326  572  406  476  506  413  577  956  598  464
  896  273  899   18  710  980  384  715  577  680
  816  479  523  729  119  736  277   39  832  253
  607  915  339  719  421  376  124  315  571  600
  600  571  315  124  376  421  719  339  915  607
  253  832   39  277  736  119  729  523  479  816
  680  577  715  384  980  710   18  899  273  896
  464  598  956  577  413  506  476  406  572  326
  969  258  801  515  420  546  490  148  480  978
  217  927  803  862  998  184  229  946  483  984
  322  670  100  331  879  591  770  854  936  767
   76  447  331  944  742  299  119  648  279  319
  976   18  933  331  440  979  358  573  993  133
   90  131  984   54   30  114  180    4  448  227
   22  996  784  666  388  134  424  156  563   38
   75  638   67  645  698  895   61   80  898  785
  754  783  488  252  909  400  298  455  555   61
  520  518   62  918  403  465  787  848  622  561
 1000  543  554  475  176  129  100  730  216  830
  658  194  538  610  730  548  464  783  519  981
  299  948  267  924  346  510  321  601  493  992
  375  309  236  130  241  112   69  662  182  287
   53  275  384  522  930   48   34  923  832  516
  539  484  639  542  325  895  580   22  717  755
  428  591  488  101  460   47  942  514  447  587
  432  815  132  558  821  511  783  796  157  301
  260  745  990  579  555  280  597  126  437  727
  827  349   47  588  822  771  411  764  469   96
  418  664  352  722  551  384  520  714  339  348
  598  797  543  605  980   32  639   41  151   49
  667  330  957   18  515  684  972  237  936  281
   28  626  262  573  780  148  941  450  368  317
  665  640  820  209  457  612  192  996  420  809
  898  625   38  850  830  860  166  349   99  665
  661  633   78   24  944   49  205  547  326  307
   93  135  792  655  973    6  922  620  261  287
   58  279  668  832  382  840  787  799  213  867
  635  572  262  250  306  975  641   91  537  810
  621  325  777  831  166  557  565  373  310   76
  324  628  203  183  660  835  715  676  444  813
  247  514  913  841  322  812  582  503  647   61
  727  266  618  709  236  506  162  169   95  219
  763  998  627  987  255  588  103  589  407  955
  236  119  429  226   73   11  376  978  917  973
  478  628  353  517  770  669  254  744  651  416
  428  889  699  321  511   10  252  863   61  684
   20  400  130  646  622  646  778  436  494  126
  225  201  712  177  391  663  532  945  202  594
  258  353  803   44  187  734  696  403  466  523
  842  868  311  813  321  620  562  139  121  471
  134  885   65  248  418   52  784  702  928  994
  196  961  709  869  462  127   78  249  390  952
  229  594  200  831  631   19  878  477  551  562
   26  321  614  363  248  786  591   52  107   32
  339  220  199  632  171  472   30  778  411  141
  867  359  361  997  684  599  686  453  301  743
  174  834  535  518  792  963  401  998  940  750
  130    4  869  979  245  696  255  262  380  877
  824  123  759  567  940  439  722  144  751  321
  651  318  303   23  537  556  152  508  949  600
  587  849    4  386  795   86  456  278  161  123
  805  276  843  858  207  807  298  181  188  218
  328   21  310  904  940  436  681  394  444  666
  393  139  450  369    3  728  947  758  878  681
  623  107  952  830  982  672  127  956  617  248
  520  322  631  252  874  405  920  743  595  357
  302   46  164  556  373  473  154   40  720  152
   58  427  435  296   56  818  890  359  861  568
  508   56  145  608  800  945  988  345  821  183
  568  643  684  720  505  952  525  587  996  355
  882  494   89  266  867  200  455  157  301  923
  127  351  917  977  940   87   32  199  707  536
  262  915  438  202  882    7  318  571  839  106
  435  234  700  619  767  600  838   91  721  562
  365  706  551  174  558  576  916  446  435  845
   75   70  687  262  312  479  511  334  561  913
  839   89  930  884  623   22   65   18  490  775
  638  865  990  812  607  984  428  596  297   48
  462  747   95  965  603  178  659  534  104   52
  972  334  609   54   55   57  951  733  331  568
  444  825  470  640  902  771  336  481  307  316
  244   32  369   34  812  559  147  412  735  946
   92  331  413  945  187  940   79  533  381  326
  807   63   47  989  876  380  224  663  887  549
   70  953  345  178  422   11   92  808  813   59
  935  961  562  600  547  497  242  415  176  371
  537  894  977  248   15   47  258  645  230   61
  596  774   56  836  111  113  522  232  857  412
  739  395  490  923  829  420  120  243  548   29
  781  692  677  193  475  258   32  290   76  370
  628  389  871  990  966  999  332  574  777  771
  775  377  992  400  451  276  460  299  317   36
  348  562    8  368  371  485  697  292  708  599
  878  527  357  533  737  569  439  354  209   41
  628  981  301  513  485  289  482  110  816  628
  522   54  412  553  325   62  658  185  797  311
  646  453  566  603  878   82  898  960  477  535
   76  382  962  478  274  443   46  791  675  579
  590  610  227  246  528  237  805  518  807   14
  635  760  525  817  836  716  995  734  125  803
  876   42  694  692  954  598  762  386  326  823
  434  970  281  297  307  279  213    9  362  979
  522  530  969  442  738  806  482  352  926  413
  721  641  861  769  414  877  180  999  225  334
 38
 3 47 51 61 141 170 175 180 258 334 335 353 385 391 435 453 520 523 532 540 547 578 583 614 630 634 692 726 804 827 839 847 880 899 923 930 943 997
 38
 1 36 52 93 132 179 183 236 250 254 255 262 263 266 274 275 288 349 375 454 457 471 510 512 522 532 553 630 677 688 691 704 731 756 799 850 878 999
 52
 14 20 37 52 55 63 66 86 92 159 180 182 216 247 262 264 285 336 347 352 380 389 440 459 474 486 492 499 514 547 557 572 638 647 657 720 732 767 793 795 801 829 857 883 927 943 945 948 962 963 965 984
 54
 2 83 125 184 209 233 268 270 273 276 290 314 345 355 363 366 368 369 394 406 416 418 419 434 462 509 511 519 546 556 565 577 585 590 606 701 708 721 772 812 813 828 832 849 880 884 896 914 915 922 947 970 980 983
 52
 12 14 48 81 82 89 123 124 146 154 159 257 291 319 332 345 354 361 375 382 411 431 433 440 471 473 477 490 498 524 534 558 564 568 571 589 590 603 666 670 743 756 764 791 815 863 886 909 938 966 969 994
 54
 19 29 31 45 86 108 114 116 124 140 169 171 288 304 330 339 354 393 409 416 449 480 504 569 575 590 602 617 631 666 685 686 689 692 703 711 712 739 757 773 775 778 815 828 839 842 844 851 867 884 908 910 959 983
 41
 20 49 69 100 102 104 138 167 193 205 214 233 277 295 298 308 402 440 455 526 556 565 733 751 764 769 777 778 799 812 815 856 864 896 909 926 930 937 942 954 992
 58
 4 28 45 89 106 109 113 115 120 128 129 160 186 187 188 231 236 247 272 290 318 320 324 341 354 367 384 401 437 459 479 516 561 593 607 646 686 706 710 742 749 753 758 771 774 791 796 834 878 929 935 940 954 959 963 968 971 993
 53
 3 7 8 16 33 62 75 76 78 103 124 156 212 249 256 262 264 271 281 304 322 335 363 364 385 399 410 420 423 454 463 473 481 510 542 558 653 665 677 703 717 735 737 776 788 830 834 844 862 889 915 962 972
 52
 16 23 41 110 126 137 142 158 172 191 205 206 207 237 241 282 286 295 299 315 338 352 355 364 366 369 387 453 511 516 575 589 591 620 633 644 647 649 662 685 702 759 777 796 874 902 910 911 930 942 950 980
 35
 30 39 90 114 129 188 232 249 270 330 386 440 472 482 498 518 531 568 605 614 650 692 713 716 793 805 807 812 818 858 886 891 926 979 990
 50
 23 76 84 135 174 176 178 226 270 279 281 292 310 319 327 334 335 344 357 441 445 472 517 580 618 620 626 651 689 700 773 796 811 831 834 847 848 870 873 874 884 893 899 939 948 953 964 979 983 1000
 49
 93 103 115 126 131 141 145 156 167 175 177 220 275 287 299 336 346 355 356 401 405 414 428 477 554 572 573 592 597 602 667 684 728 729 753 759 770 777 788 839 846 855 859 862 871 885 919 933 962
 51
 35 78 83 94 98 125 133 135 149 160 164 187 259 284 325 340 341 365 377 383 389 392 406 454 465 489 490 525 531 539 543 552 562 583 599 611 643 668 725 743 747 785 834 836 865 884 890 924 934 965 967
 42
 113 201 212 213 245 275 277 304 316 347 359 366 377 379 382 400 431 513 517 525 529 560 599 616 617 629 656 720 762 770 795 808 810 840 867 872 881 909 920 925 939 975
 45
 2 64 115 152 159 203 252 285 294 298 301 304 319 328 383 416 419 434 450 480 502 524 526 535 579 614 626 635 646 700 709 749 752 769 776 801 804 883 932 941 945 950 979 984 994
 55
 33 63 77 78 84 93 126 132 133 141 223 242 256 288 289 304 312 332 336 352 366 374 394 395 420 423 426 431 439 465 468 469 483 516 541 549 566 580 588 615 629 666 682 702 712 719 726 731 754 759 766 808 834 923 986
 42
 76 78 103 105 120 135 198 268 276 280 300 321 348 357 359 372 374 378 380 406 431 458 468 472 475 498 513 551 592 635 644 646 731 750 760 765 807 809 828 889 964 986
 45
 30 82 111 149 177 224 228 245 246 248 276 284 303 330 390 431 442 470 481 486 534 559 592 611 618 631 643 651 678 681 692 717 743 752 758 772 793 801 836 873 885 892 971 975 993
 47
 9 56 110 176 191 201 227 243 249 251 253 283 289 332 357 364 386 442 471 481 512 524 620 622 641 646 654 669 678 683 716 728 779 806 809 817 819 820 828 858 864 899 912 932 941 972 998
 49
 6 35 47 72 75 86 96 99 101 137 224 231 250 279 305 354 366 406 411 434 440 453 477 483 502 569 581 662 683 687 715 734 742 746 766 767 771 877 888 901 923 942 965 967 975 982 983 988 997
 52
 6 13 23 26 58 65 66 83 95 98 118 129 155 164 173 183 202 238 272 300 301 305 314 316 366 396 397 402 454 474 518 521 539 556 602 615 617 636 654 655 708 760 780 794 835 883 896 911 934 937 940 942
 48
 17 22 28 31 36 40 66 70 76 135 168 186 195 208 241 245 280 289 303 312 321 332 333 345 381 391 450 451 455 465 468 475 541 570 611 703 737 760 787 792 833 837 854 865 943 963 973 999
 47
 16 34 60 126 151 159 174 217 253 290 315 318 375 384 425 436 441 445 452 466 505 563 564 577 596 632 638 680 686 704 706 716 722 778 790 809 818 826 841 899 919 927 939 940 949 969 987
 49
 5 23 70 136 172 181 184 195 209 219 253 277 305 341 363 398 426 449 456 463 487 505 506 515 567 569 575 590 593 623 627 670 673 680 684 731 815 831 857 872 873 935 942 953 954 969 985 990 992
 45
 20 72 80 94 96 164 184 195 202 232 264 265 277 292 299 317 353 384 391 413 430 434 436 453 468 513 514 530 543 624 636 658 672 715 729 732 739 742 774 784 809 816 890 966 984
 43
 24 26 57 59 107 152 161 166 211 215 235 236 241 266 273 327 328 364 371 386 430 465 476 488 540 547 558 612 615 685 709 717 738 744 773 785 804 813 823 900 937 987 994
 43
 12 46 63 80 169 178 179 241 250 274 323 362 391 401 425 447 456 464 479 484 506 527 577 631 659 660 679 692 693 745 750 785 794 802 834 883 910 921 923 931 968 992 1000
 44
 11 36 57 85 93 100 117 138 173 178 239 301 309 336 352 363 429 435 439 452 459 508 525 568 569 574 602 607 646 660 675 705 728 729 743 755 777 808 846 848 916 953 959 968
 53
 21 35 60 72 124 132 162 170 184 200 216 233 300 347 360 374 378 386 431 439 465 472 486 496 536 555 557 573 576 614 639 669 676 679 681 694 731 766 785 800 818 820 840 864 897 909 912 931 949 975 980 983 990
 42
 61 67 88 111 192 245 296 337 367 392 423 437 464 476 487 489 495 509 516 556 558 599 627 631 639 657 693 710 755 788 802 817 845 855 857 863 874 877 880 917 931 989
 58
 3 10 19 30 36 46 69 71 102 143 146 170 175 178 221 252 274 278 307 350 365 403 410 468 478 481 486 499 524 534 540 555 594 601 675 686 687 688 723 734 735 737 817 827 842 848 849 853 860 879 917 919 937 939 946 951 952 965
 57
 6 27 57 69 74 82 97 99 107 133 217 218 222 241 280 286 306 308 355 378 382 405 461 475 487 503 506 522 524 526 548 572 624 644 651 656 665 706 710 725 753 754 759 799 832 843 845 848 889 916 936 964 968 969 978 991 997
 54
 11 31 48 67 74 86 115 131 142 143 151 169 181 204 211 226 227 235 266 268 325 335 339 356 395 420 480 483 507 537 538 596 603 608 614 619 623 640 659 694 706 826 857 886 893 905 927 938 961 970 978 984 995 998
 46
 19 23 41 57 62 71 87 91 96 166 191 202 221 224 230 276 324 331 336 347 366 374 442 453 491 533 551 635 636 689 735 739 774 779 788 803 843 857 864 868 872 877 885 898 930 984
 54
 12 17 44 51 56 91 122 144 200 208 219 225 235 266 269 273 289 293 312 324 330 350 382 425 430 436 447 487 490 492 530 544 569 572 573 617 628 654 686 688 699 742 763 797 842 848 869 890 914 942 970 992 996 1000
 45
 1 62 145 154 180 196 215 225 257 265 278 307 402 408 410 412 446 447 452 499 502 523 528 532 541 563 615 616 626 686 716 738 749 753 764 772 788 801 828 858 889 942 975 982 994
 40
 4 19 20 60 111 127 192 204 206 207 216 270 291 326 360 361 365 400 481 502 503 531 536 564 573 589 594 632 690 705 706 728 741 774 779 789 795 834 872 972
 61
 5 9 15 24 31 47 49 70 72 129 149 187 223 224 227 247 287 288 325 330 351 353 362 402 404 411 434 446 455 462 474 519 533 550 560 570 576 604 607 620 647 655 664 667 708 730 780 816 826 831 853 855 857 888 894 906 915 922 950 952 998
 54
 2 13 54 74 79 113 121 127 132 136 145 159 178 212 217 222 223 224 236 249 251 281 299 325 373 384 385 388 402 404 411 444 455 478 487 530 560 641 672 713 733 753 755 764 775 780 798 839 844 846 870 918 961 972
 52
 9 77 80 84 90 103 122 126 134 167 179 181 190 231 254 258 300 305 399 405 414 433 437 470 473 475 499 516 520 521 531 539 553 559 600 616 617 639 657 668 723 728 729 740 779 813 855 915 925 947 954 983
 51
 25 61 65 78 110 122 147 165 174 191 202 205 233 239 258 299 306 327 341 384 386 387 398 417 431 438 479 523 541 559 576 578 587 628 651 655 659 667 676 678 705 735 758 762 847 862 908 932 944 980 995
 41
 29 45 68 74 90 102 105 126 139 182 214 226 252 278 320 325 335 361 378 441 479 497 541 574 593 644 646 681 697 775 780 801 806 824 825 839 858 899 902 924 929
 52
 20 41 68 109 116 118 147 152 165 183 215 239 263 348 354 358 367 369 387 422 425 428 430 438 446 450 468 478 485 488 551 568 581 596 611 624 654 666 693 701 719 791 815 829 862 867 917 923 949 956 971 974
 39
 15 35 54 82 145 163 181 211 233 283 329 404 416 447 453 489 506 510 527 537 547 561 624 631 655 672 679 748 797 825 843 847 856 905 925 926 942 943 999
 55
 14 22 61 77 85 105 115 118 129 130 143 166 221 229 245 246 264 265 285 310 352 364 372 397 399 411 424 432 531 549 562 571 609 619 620 650 651 657 659 674 682 713 718 777 807 830 837 838 855 876 901 904 909 911 914
 49
 69 97 105 115 116 119 122 130 155 166 167 188 189 230 240 250 285 339 341 393 409 412 431 484 507 512 523 526 627 630 639 669 674 682 683 761 768 777 801 832 834 835 853 893 919 930 941 948 959
 44
 38 53 94 103 134 176 230 247 286 330 331 341 398 408 494 503 511 513 517 520 538 586 605 647 673 678 679 717 741 765 772 774 775 871 875 887 896 917 925 939 947 956 998 1000
 55
 5 44 86 91 92 106 119 153 169 179 196 244 287 299 317 333 335 344 347 403 420 423 435 436 465 479 501 506 508 522 550 555 607 618 664 676 679 708 710 711 745 748 753 767 778 779 797 818 838 844 895 915 920 921 996
 47
 3 20 36 80 90 102 113 126 131 138 148 196 206 253 254 290 318 331 340 352 380 389 399 438 537 540 568 588 609 612 618 633 644 651 656 677 698 711 769 789 803 828 834 876 880 891 922
 50
 28 61 73 80 175 200 204 212 218 225 231 235 257 258 293 301 315 347 366 374 376 377 387 410 416 422 441 457 477 503 585 631 661 667 727 742 771 789 796 797 830 835 838 841 866 889 909 925 937 949
 56
 25 32 35 40 75 80 97 98 142 151 172 186 197 207 254 270 288 305 378 380 430 438 441 450 462 515 517 522 523 525 533 535 561 577 583 611 619 636 649 664 669 673 748 777 789 793 841 847 848 853 896 929 941 952 956 985
 49
 5 25 41 98 101 103 118 148 189 206 212 214 220 237 304 333 344 354 393 417 420 465 474 477 485 499 504 548 558 562 599 605 625 629 666 669 691 705 711 724 749 750 758 780 819 872 903 938 990
 57
 5 33 52 57 63 77 124 144 162 223 226 236 246 279 284 301 304 327 331 361 384 395 403 410 411 412 432 451 490 494 495 513 540 558 570 571 592 605 616 630 644 713 736 768 782 814 816 822 829 848 869 904 906 934 943 991 998
 55
 55 62 91 119 120 131 132 156 175 186 201 206 226 304 322 340 379 443 453 454 467 493 497 502 524 526 533 539 552 578 595 601 635 648 676 679 733 740 745 766 792 815 837 856 859 876 895 905 923 942 961 978 979 981 997
 63
 26 34 39 54 73 95 172 174 235 237 244 248 263 274 329 351 369 371 396 416 417 423 428 450 454 483 497 503 505 514 555 568 590 607 621 634 636 641 642 647 666 673 707 737 777 784 792 793 805 816 826 830 837 841 878 881 894 921 923 932 944 967 996
 45
 27 32 33 46 132 134 160 164 165 183 195 210 245 273 275 284 349 350 355 362 365 385 430 497 546 583 586 592 617 622 686 690 705 734 739 782 783 836 859 874 876 877 887 891 969
 57
 49 64 70 82 92 133 134 145 179 227 246 248 278 287 291 310 312 320 387 388 390 398 400 403 421 504 512 515 517 520 549 556 593 639 643 666 690 706 739 747 756 760 766 768 771 794 810 820 853 881 884 888 912 920 931 937 951
 55
 6 21 70 121 130 132 158 164 176 203 206 208 219 293 329 336 354 364 367 370 395 420 447 459 464 497 498 502 512 513 539 542 576 614 615 616 711 729 740 747 748 751 761 762 765 770 793 799 819 833 848 902 965 972 981
 46
 6 15 19 20 60 80 81 97 111 128 154 155 162 264 268 342 356 373 428 437 529 533 542 561 565 612 618 644 655 686 733 738 767 822 836 840 860 879 890 923 933 955 966 974 989 994
 52
 7 12 17 46 61 72 93 127 134 168 170 183 189 195 221 224 230 290 311 312 313 363 408 409 422 426 442 449 451 452 490 492 536 561 569 602 618 644 719 735 778 788 832 834 858 873 876 891 899 938 968 972
 45
 4 13 74 93 103 114 162 176 178 231 244 314 316 325 342 348 360 375 376 380 384 412 470 493 568 606 623 627 660 692 749 756 757 775 819 843 851 853 880 914 930 935 953 967 975
 60
 4 30 52 55 57 76 113 133 151 181 215 221 225 257 259 282 306 322 336 350 378 379 418 443 461 465 466 469 479 491 499 511 516 537 567 568 601 611 619 643 694 718 733 742 777 783 789 791 802 821 853 863 878 906 908 913 942 953 980 994
 53
 6 19 28 29 31 42 43 55 69 90 116 143 148 177 206 232 245 249 257 303 312 316 346 364 376 397 412 421 435 476 517 529 536 555 559 568 603 680 683 743 751 821 835 842 851 878 890 905 914 927 936 940 964
 48
 31 57 91 114 120 127 189 192 199 253 285 332 402 407 464 476 485 521 567 581 589 611 620 645 654 660 662 665 693 695 704 710 733 738 777 781 829 837 849 876 878 883 886 895 954 975 979 993
 34
 80 92 157 194 234 260 272 277 288 424 441 466 468 499 511 570 592 595 632 659 755 786 816 828 830 851 862 909 932 934 935 938 946 956
 48
 7 19 25 36 50 107 162 207 238 240 276 281 290 333 341 353 384 386 419 425 436 456 461 471 538 549 581 608 693 754 770 791 796 815 827 855 864 869 876 883 921 927 937 940 949 958 984 990
 35
 19 110 114 125 153 213 275 277 295 398 426 439 442 504 514 560 578 612 662 676 718 727 731 737 762 763 775 785 800 853 864 938 946 976 983
 54
 3 12 13 27 29 43 67 113 115 124 156 181 203 251 253 257 273 297 349 351 437 449 453 458 470 472 474 489 500 517 526 577 589 592 595 609 632 635 640 649 666 674 684 711 726 798 827 846 857 874 910 922 953 982
 49
 22 53 82 135 163 179 183 210 217 240 248 249 261 285 287 324 345 346 357 422 433 462 478 512 529 541 549 564 584 585 597 607 615 656 659 666 677 685 707 775 790 817 819 864 873 955 960 969 976
 50
 9 16 26 48 112 129 130 131 132 135 145 155 167 223 243 258 260 266 273 278 332 336 358 364 403 418 420 428 444 457 512 542 551 559 562 599 614 629 644 703 737 763 786 827 830 842 847 930 957 964
 50
 5 11 42 70 75 78 81 98 126 160 189 210 214 253 270 284 298 302 311 388 389 399 416 420 432 467 471 478 530 536 549 576 602 646 711 726 733 778 794 807 811 835 842 860 864 875 876 881 930 939
 49
 16 21 62 118 139 141 152 213 227 238 286 292 308 336 342 343 355 381 416 435 543 564 607 624 652 653 654 660 668 682 723 744 756 766 779 784 832 839 851 871 880 883 891 942 946 965 970 991 995
 48
 58 107 135 149 161 180 191 234 241 251 259 267 285 306 326 331 338 359 366 396 401 407 409 413 457 494 507 522 565 574 594 596 618 627 689 721 723 729 731 759 777 817 825 841 892 917 960 988
 52
 54 71 79 100 103 168 196 200 214 229 237 238 245 272 301 309 315 327 360 362 394 402 405 441 452 460 476 494 513 519 522 575 588 593 606 658 678 682 696 753 782 783 797 804 841 845 885 937 944 946 957 992
 39
 1 73 84 100 101 109 161 194 226 229 259 269 294 353 363 373 399 410 412 501 523 574 590 618 637 649 766 778 815 835 858 859 866 920 930 954 962 992 993
 57
 13 23 56 66 82 100 200 210 216 217 242 266 269 278 281 284 289 314 341 342 361 365 372 378 391 414 446 498 508 510 517 522 530 579 590 605 607 645 665 667 706 711 712 722 737 750 783 794 820 822 827 837 869 913 930 971 977
 53
 19 22 27 43 48 142 144 150 156 174 196 230 234 236 239 240 267 271 293 309 331 336 355 404 425 444 446 477 507 511 530 547 557 591 640 661 684 700 719 737 745 757 788 802 859 884 910 921 924 933 948 955 977
 60
 38 67 90 127 139 152 154 180 217 225 247 263 270 283 289 296 345 348 384 385 390 394 426 436 439 453 458 459 460 465 476 483 485 499 509 540 543 563 565 580 587 589 645 665 678 712 718 759 761 764 770 783 875 907 915 947 956 971 977 1000
 53
 19 22 87 98 112 127 137 151 152 157 163 168 174 203 245 246 260 265 269 270 291 309 359 369 390 437 465 467 468 495 503 526 547 578 580 606 639 645 664 678 702 709 715 774 887 897 907 913 932 938 961 970 982
 46
 13 15 60 62 80 139 147 189 194 226 279 282 285 305 307 311 319 356 374 381 401 428 434 494 502 519 535 559 574 576 582 600 630 631 646 677 739 824 826 836 852 885 961 964 977 988
 45
 1 17 32 49 66 71 103 112 117 118 141 262 300 303 314 330 331 341 374 434 460 476 483 512 518 549 640 700 730 742 772 791 811 831 850 868 893 901 908 916 935 936 938 942 993
 52
 11 30 31 40 48 60 109 135 221 249 271 309 324 400 406 407 432 436 437 458 463 474 475 496 499 554 563 569 602 611 622 644 650 659 663 667 676 683 710 716 729 750 758 784 830 851 870 885 919 921 931 943
 46
 14 19 32 37 50 117 118 129 133 138 145 153 164 181 190 202 255 263 264 268 309 323 343 350 418 420 432 461 470 477 503 506 561 567 574 610 678 705 755 812 850 925 930 962 974 1000
 52
 4 23 59 80 87 93 114 115 122 124 158 161 166 195 241 242 299 328 335 351 369 391 397 398 420 454 476 520 551 632 707 711 728 729 743 754 761 786 812 819 824 853 863 869 889 918 928 939 959 968 973 981
 46
 4 10 45 47 57 74 86 95 141 145 165 172 197 199 215 248 249 251 267 386 436 448 457 469 525 538 540 605 635 677 697 702 707 721 782 785 788 822 849 887 888 911 954 964 979 993
 49
 11 26 62 69 79 81 106 115 124 135 153 218 231 252 254 256 283 288 299 306 332 333 359 363 396 417 429 437 472 498 514 526 532 535 547 615 642 660 671 688 712 722 773 786 807 855 896 897 960
 36
 8 52 81 108 119 133 148 160 196 206 211 212 247 366 373 413 502 513 536 569 575 595 605 640 666 742 747 774 794 839 851 878 925 961 970 995
 40
 14 28 37 39 76 97 104 113 131 197 217 264 290 311 336 369 429 440 470 471 490 492 628 658 661 671 683 752 791 792 857 882 887 888 889 905 911 936 947 972
 45
 44 75 94 98 130 178 194 201 210 233 237 238 240 302 346 352 354 392 414 429 445 468 505 509 559 567 571 599 625 628 639 647 662 691 697 738 742 767 780 794 837 872 891 911 956
 44
 4 35 40 93 116 120 121 156 192 207 221 229 236 256 263 322 326 372 383 432 475 525 533 546 557 617 622 642 650 672 707 714 790 817 855 858 864 868 893 910 935 963 975 987
 48
 5 34 40 81 169 176 185 228 244 251 260 284 302 354 365 372 382 408 437 446 452 472 474 484 566 601 612 626 632 653 661 672 676 703 714 720 747 761 764 768 850 858 867 876 895 926 937 938
 57
 11 28 39 51 85 86 113 134 163 199 206 207 219 228 245 278 289 298 309 312 357 383 386 395 396 412 427 432 445 446 473 474 495 506 514 517 531 554 568 583 627 645 653 661 745 755 809 859 867 884 887 897 901 923 934 989 995
 46
 37 54 75 125 127 135 172 177 182 203 243 278 293 312 313 325 340 357 389 447 506 536 546 549 553 567 583 625 632 642 648 650 704 722 767 768 771 782 788 812 836 871 895 942 991 1000
 52
 22 36 81 102 120 159 176 244 265 278 293 297 321 357 359 369 417 420 446 460 474 478 503 504 512 539 570 611 621 635 654 683 739 748 752 754 781 804 809 813 814 834 836 862 884 900 902 921 933 966 991 995
 54
 36 40 43 49 51 93 101 109 115 116 139 143 154 168 212 214 224 230 245 258 266 277 303 343 345 358 378 381 382 429 460 483 491 519 582 600 651 657 670 717 719 752 762 799 848 849 858 905 907 913 914 967 977 995
 47
 4 29 55 73 85 112 116 148 162 163 180 211 232 265 267 295 331 338 360 426 431 454 486 501 510 520 530 554 562 577 581 627 690 697 705 709 732 783 790 794 799 812 920 938 945 965 970
 54
 8 46 52 59 62 64 74 87 97 107 126 130 158 171 189 193 254 281 305 330 333 338 355 387 425 544 616 639 670 674 686 708 709 715 759 797 814 817 835 836 843 863 876 893 902 908 909 914 915 918 935 936 963 967
 42
 60 140 170 214 247 251 260 315 337 343 410 412 428 520 523 546 549 553 566 584 590 619 622 625 627 641 694 701 731 738 764 769 786 836 847 866 923 932 935 955 970 982
 47
 2 60 71 83 101 102 126 147 155 179 180 187 189 211 239 260 263 272 278 280 299 318 389 420 443 448 462 468 499 542 543 576 578 614 620 673 679 692 698 757 802 814 848 910 933 966 984
 61
 1 12 23 36 42 76 82 88 110 111 119 129 149 151 203 211 217 291 293 302 315 356 375 387 417 424 426 428 473 475 487 512 516 552 572 581 603 644 645 653 660 661 692 742 745 767 769 783 799 819 837 844 846 857 873 920 943 948 956 969 977
 46
 6 39 53 65 76 124 133 143 149 176 249 275 296 300 372 374 395 416 428 430 440 456 481 483 505 519 524 561 562 570 674 683 700 701 723 726 734 818 833 858 889 895 919 973 978 993
 57
 2 10 40 45 46 108 109 132 143 146 180 186 203 205 206 278 285 322 335 368 369 387 389 399 401 408 421 423 437 443 446 487 506 542 618 625 652 706 758 784 789 792 793 799 802 804 808 819 833 854 861 865 900 926 939 963 981
 40
 54 63 75 115 132 136 148 198 264 281 316 350 373 378 409 415 463 469 519 526 564 612 641 647 687 700 755 766 796 810 812 813 828 836 883 902 953 955 993 997
 55
 9 56 84 86 92 100 102 107 114 119 128 139 144 155 172 180 187 224 240 262 283 291 307 315 340 347 380 408 443 460 514 526 532 558 570 578 602 606 641 646 669 687 697 718 747 767 769 777 784 821 846 854 875 878 979
 42
 43 161 162 198 207 240 252 309 331 351 375 386 399 409 410 420 423 460 513 535 536 563 594 602 644 646 653 690 697 755 759 760 777 791 825 836 859 895 915 952 955 975
 40
 5 24 26 53 105 137 143 148 163 171 193 238 307 338 380 404 414 417 418 420 431 434 483 522 677 690 712 728 737 749 764 775 793 797 809 823 859 879 941 963
 51
 4 5 32 33 41 94 142 170 180 200 213 228 252 266 310 354 382 415 421 446 464 521 537 546 630 639 649 656 678 680 709 711 735 749 750 759 760 765 786 787 811 839 845 868 879 885 892 910 939 956 970
 43
 12 34 52 65 108 114 144 151 164 175 193 240 248 250 257 269 280 282 288 309 313 367 383 424 439 442 444 464 487 519 584 602 605 615 637 646 684 744 797 862 889 938 990
 59
 12 33 92 105 131 133 136 140 145 154 161 168 177 192 204 217 229 248 258 265 272 289 317 343 351 365 396 415 431 453 457 482 526 534 536 576 584 624 626 632 652 668 697 703 733 772 788 797 800 819 823 828 850 863 884 952 974 996 999
 52
 50 70 80 91 100 106 107 154 160 221 233 236 255 264 307 356 365 381 408 440 448 460 485 499 521 563 574 582 584 585 601 605 611 646 684 715 726 733 753 761 767 849 867 868 906 918 928 940 943 950 972 990
 43
 1 18 46 97 106 142 187 222 237 244 250 271 274 301 315 337 373 385 413 428 439 484 545 549 592 620 658 697 703 705 756 766 788 812 815 826 842 864 868 869 877 955 970
 50
 9 13 14 15 23 38 44 62 64 70 71 86 119 125 127 156 184 196 197 324 326 392 395 412 425 440 448 453 470 474 476 484 540 542 555 567 577 617 670 732 740 786 788 802 804 807 855 932 974 987
 62
 9 18 39 46 48 77 98 116 128 130 133 158 170 180 195 213 230 234 247 274 293 316 327 350 356 364 366 395 399 408 412 428 433 458 477 480 482 483 505 513 553 561 562 579 582 587 597 611 619 625 641 735 760 789 807 834 838 879 912 942 950 981
 47
 19 70 72 76 110 111 148 184 199 210 211 223 247 311 338 359 393 394 399 417 421 433 457 473 475 476 542 566 581 619 627 687 701 704 718 723 754 806 813 828 846 892 932 939 950 983 984
 59
 7 13 17 21 33 52 90 101 106 139 163 166 195 227 236 279 293 322 339 353 359 373 391 411 461 477 483 521 531 533 551 557 567 594 598 621 624 649 680 682 684 709 741 807 819 822 825 830 832 854 861 875 890 892 898 913 973 989 994
 43
 2 21 26 67 81 95 105 113 150 154 161 174 188 238 278 290 332 371 373 493 530 544 557 569 576 630 634 638 688 756 775 793 796 819 859 862 887 894 925 941 956 973 987
 55
 24 45 55 73 108 121 161 167 223 226 261 265 286 287 296 306 307 324 369 378 437 445 462 501 508 514 518 536 538 542 546 548 550 551 564 567 576 592 624 644 661 670 674 684 693 711 723 733 821 842 845 872 904 946 961
 51
 8 44 46 57 105 115 138 140 149 156 162 201 252 279 316 320 398 410 413 416 422 447 477 497 518 540 569 609 621 657 678 695 696 710 779 793 811 822 836 866 867 886 918 939 943 950 963 970 987 992 994
 52
 21 31 46 78 85 91 113 117 135 137 141 153 200 216 224 235 253 267 270 287 291 305 337 339 363 432 446 471 527 542 562 571 626 629 668 671 675 696 697 755 788 857 876 883 892 893 910 912 928 938 954 995
 49
 9 13 22 28 37 45 49 97 125 137 138 159 207 212 227 234 239 247 291 296 303 381 394 410 428 448 467 494 512 520 544 598 625 658 680 727 749 777 784 785 799 818 824 842 847 855 866 911 988
 36
 29 46 103 117 126 165 196 217 239 259 277 280 307 353 356 408 459 460 490 507 529 567 595 605 612 740 742 750 752 796 805 835 878 926 953 959
 51
 2 13 35 78 79 108 118 184 188 190 240 299 300 309 358 361 371 410 421 423 462 502 520 521 533 541 562 585 612 631 632 655 662 664 666 678 719 724 727 749 756 816 847 909 912 919 935 948 955 988 996
 41
 86 106 123 131 134 158 177 184 194 204 228 263 298 330 332 354 411 452 462 517 523 541 598 605 612 618 634 650 662 667 677 684 692 752 815 858 861 943 955 975 992
 49
 1 21 28 50 55 82 85 125 143 157 242 244 266 281 300 301 319 401 417 421 445 454 484 583 614 627 630 633 635 642 655 661 671 673 706 717 728 734 779 782 808 813 841 873 913 950 961 964 969
 36
 64 69 70 82 134 141 144 179 223 228 237 337 341 350 401 455 468 520 542 546 549 556 649 651 697 718 747 769 804 823 824 832 853 953 977 999
 40
 16 24 81 116 126 139 144 190 242 250 274 287 359 371 440 447 463 466 516 525 535 567 578 591 604 611 643 693 701 702 720 733 762 803 839 855 896 913 991 999
 61
 42 47 53 97 99 117 119 148 165 173 189 200 205 250 257 287 306 308 337 338 339 353 356 391 392 428 466 509 537 540 541 546 548 568 572 593 601 628 642 658 662 681 686 687 691 723 728 742 760 850 871 879 897 899 905 907 913 925 934 979 997
 64
 1 19 24 57 61 62 91 96 100 103 106 117 124 127 173 175 194 217 236 237 241 256 268 280 316 326 353 362 379 394 397 453 475 492 508 534 535 546 549 586 605 609 670 678 685 717 731 767 769 781 797 801 806 820 833 852 869 878 891 957 966 979 981 985
 50
 7 16 87 108 115 120 130 134 157 168 174 191 254 255 304 315 322 406 417 432 473 502 519 523 580 591 609 624 647 659 668 682 687 695 697 718 764 766 769 780 795 888 897 898 906 908 919 920 933 977
 41
 43 97 128 156 193 208 247 266 272 296 311 324 331 345 355 403 431 447 544 559 585 592 611 616 636 649 662 672 682 707 731 742 753 790 791 823 854 871 894 935 974
 51
 50 61 74 107 141 143 147 178 190 230 241 245 247 259 273 309 367 379 383 418 464 489 506 509 522 543 572 578 627 636 639 652 678 723 740 744 757 766 785 788 866 867 907 926 931 934 942 980 984 989 999
 50
 19 25 48 66 78 130 153 180 224 251 252 254 257 299 320 368 388 400 407 459 497 507 511 550 580 583 589 611 626 637 642 646 715 718 737 825 833 855 889 893 900 905 906 915 928 946 951 953 964 982
 46
 6 29 38 65 86 129 165 174 207 233 309 323 330 354 369 371 376 380 385 415 424 440 455 463 478 490 498 518 564 569 576 591 594 600 616 676 711 806 848 856 879 888 919 923 942 961
 43
 13 16 17 18 39 48 67 68 115 122 134 138 142 154 163 171 201 226 228 242 246 281 299 304 338 360 370 378 398 453 472 475 509 516 615 626 674 680 719 805 851 987 996
 55
 47 71 93 104 105 108 141 143 146 163 171 197 205 211 215 236 270 304 305 333 352 416 422 435 441 470 485 486 501 505 506 547 557 562 577 584 616 624 681 690 715 730 732 750 752 761 829 871 881 899 901 930 971 972 992
 48
 9 30 51 56 76 85 86 110 127 130 138 147 161 166 167 227 236 271 309 344 374 404 413 414 424 432 449 450 453 461 468 469 485 559 578 591 607 634 656 725 747 792 814 827 835 847 958 960
 38
 37 116 126 162 231 246 252 262 290 310 323 327 346 354 385 387 392 402 404 442 496 506 517 559 664 666 670 709 730 817 857 879 913 915 917 936 976 986
 49
 14 54 62 83 145 146 181 187 216 226 262 276 277 299 304 307 331 380 385 392 398 419 421 422 430 502 563 596 626 662 688 731 799 814 815 838 845 849 878 887 888 891 898 975 976 977 983 987 996
 38
 2 10 30 69 103 111 142 150 154 340 356 370 396 412 422 430 478 509 520 537 575 596 629 653 689 720 744 815 870 874 897 920 936 966 973 974 976 997
 48
 42 48 59 101 146 195 205 215 239 242 253 307 331 346 375 381 387 389 415 423 425 429 430 445 454 455 465 500 505 510 524 528 534 564 581 584 591 617 619 620 627 702 769 831 851 852 874 887
 45
 7 9 36 37 45 84 95 163 165 188 208 269 284 316 355 362 416 426 482 574 588 591 602 610 622 624 636 651 658 676 681 699 727 734 737 738 742 751 774 825 857 864 869 917 997
 45
 4 66 127 139 151 159 179 184 188 206 208 226 261 274 327 349 361 376 391 442 468 489 510 535 543 553 562 578 588 593 598 619 636 658 692 704 708 732 782 789 846 868 928 940 947
 39
 18 41 56 63 71 97 206 222 289 378 379 391 393 394 400 443 483 509 514 518 622 664 732 734 749 770 779 821 829 847 848 863 870 890 910 940 954 970 993
 55
 5 36 57 58 71 91 96 114 149 153 161 184 190 203 241 246 257 324 336 387 396 421 445 459 478 490 540 554 555 584 635 658 670 672 712 728 745 763 772 783 787 811 818 850 851 855 858 893 929 941 947 959 962 973 985
 58
 51 58 68 100 111 129 153 154 168 192 199 207 210 271 279 291 293 296 297 298 310 326 328 361 386 388 408 412 452 482 512 523 524 535 569 597 617 635 639 641 698 782 817 854 857 882 899 912 916 935 939 942 960 964 965 967 971 984
 43
 49 70 80 89 100 110 117 128 130 157 165 180 199 225 251 281 290 291 315 407 409 438 468 480 503 520 540 550 598 599 603 635 679 683 731 741 778 796 860 897 899 928 949
 55
 7 18 24 39 52 53 101 127 128 129 154 174 176 185 213 240 243 281 329 342 357 381 387 412 459 460 465 482 485 493 542 543 575 593 613 633 663 674 675 717 743 755 768 792 812 825 839 876 890 904 926 927 937 967 1000
 45
 21 49 53 70 72 78 186 192 232 243 282 295 301 326 346 379 425 477 480 483 526 535 567 579 588 598 640 654 666 668 674 687 691 695 703 704 707 719 745 760 773 816 825 845 926
 42
 10 24 46 60 75 83 100 101 181 200 246 249 256 279 285 297 328 331 376 415 420 444 463 488 494 495 546 583 608 612 648 761 832 864 887 902 904 906 919 936 944 975
 53
 12 16 23 27 39 65 106 110 118 136 180 182 186 201 233 238 244 252 258 264 274 277 316 319 349 350 355 372 412 433 490 496 520 550 564 570 580 605 613 653 692 701 740 745 756 823 833 857 864 881 918 938 990
 42
 23 30 128 129 139 152 166 189 218 222 225 262 297 339 342 357 395 422 427 498 516 549 555 563 581 583 630 664 697 723 740 744 756 759 770 771 805 898 908 929 946 977
 47
 6 12 46 67 86 97 102 111 140 185 186 188 192 198 211 227 233 271 295 298 316 341 351 386 391 422 428 436 498 503 517 519 589 637 648 666 692 698 759 821 873 874 875 905 942 948 984
 44
 7 21 79 84 103 104 106 114 135 151 175 176 177 191 232 236 338 350 358 360 369 375 387 402 452 466 493 511 528 541 615 722 747 783 787 807 847 868 874 895 911 921 947 977
 42
 3 16 50 52 76 101 183 206 219 237 294 300 338 350 373 396 404 444 454 493 516 542 562 597 598 602 611 616 650 668 675 687 698 700 736 751 811 822 837 884 891 929
 47
 13 18 49 56 63 95 99 131 141 158 170 175 195 206 223 250 260 271 275 329 330 376 388 440 445 450 457 516 524 622 651 666 685 688 713 725 753 755 764 784 851 868 882 889 898 961 990
 41
 44 51 80 96 184 271 299 322 325 350 366 396 401 419 474 528 579 581 589 634 648 653 657 717 724 727 742 751 763 777 795 804 817 821 837 893 903 944 955 989 992
 47
 6 43 63 115 172 195 215 242 249 307 310 314 324 358 369 388 403 407 420 457 466 468 472 532 573 575 659 677 682 701 733 743 747 758 770 789 790 792 802 813 842 843 880 893 933 981 982
 41
 40 50 107 126 127 174 206 234 235 262 266 282 289 300 329 334 480 487 501 581 623 624 670 672 688 690 700 714 730 737 766 772 790 809 810 869 874 902 928 935 965
 56
 4 12 19 32 47 61 107 134 144 161 164 168 184 186 191 194 196 202 209 216 219 272 291 295 299 300 301 343 367 394 430 438 492 494 498 537 557 570 572 604 632 635 636 708 711 722 788 801 828 840 877 884 894 957 961 962
 65
 38 57 72 75 78 98 117 118 149 160 164 185 200 201 215 222 230 235 241 257 259 270 303 350 360 380 388 399 447 459 471 480 485 511 524 557 567 579 581 591 603 611 623 628 629 647 658 676 680 695 706 707 736 738 763 787 790 797 835 842 843 908 913 915 945
 48
 2 7 18 73 105 130 136 149 213 214 218 230 232 236 254 294 303 309 346 352 375 423 441 442 467 561 585 602 634 639 646 656 713 718 732 741 746 753 784 789 818 830 853 857 875 878 926 940
 41
 3 33 44 96 112 128 134 136 178 232 233 254 305 310 328 344 350 420 423 431 432 434 452 527 552 620 642 706 723 783 799 802 810 848 852 859 873 962 970 971 999
 41
 23 95 135 145 157 162 166 264 265 318 399 404 407 412 427 477 495 516 559 577 579 593 613 643 689 692 693 707 723 736 771 822 830 870 888 897 933 942 956 971 972
 56
 11 18 103 132 160 185 199 204 231 246 270 310 319 342 376 386 391 431 439 443 474 480 486 488 500 524 530 539 576 599 641 688 697 702 713 733 734 750 777 778 781 820 821 823 849 853 861 867 877 879 922 924 952 966 980 986
 55
 8 14 28 40 49 67 70 72 136 143 168 176 187 215 224 228 291 292 295 331 357 359 361 390 393 436 512 523 527 545 549 552 584 604 619 621 631 647 662 665 718 751 811 835 843 856 859 862 883 897 899 909 920 932 965
 48
 15 41 43 57 74 128 130 184 206 209 212 218 227 278 297 332 335 350 369 406 420 431 440 444 470 534 594 603 621 635 650 661 687 728 742 749 822 826 834 850 857 874 893 897 905 917 921 941
 45
 19 63 117 142 144 199 230 234 266 276 280 286 313 317 331 369 387 398 420 443 463 487 492 498 504 535 549 563 587 605 631 642 665 691 701 729 737 771 788 831 839 872 961 969 972
 62
 14 43 52 74 85 91 97 108 119 143 157 165 167 205 206 208 212 221 238 246 262 271 278 313 323 353 358 404 422 428 456 473 482 514 516 537 546 588 592 605 611 642 645 687 703 740 780 787 805 842 849 859 865 871 894 925 954 956 959 969 979 995
 51
 10 26 38 46 52 66 68 93 133 158 221 234 254 260 281 290 310 319 345 371 379 392 439 447 507 513 523 526 545 571 573 584 598 633 700 723 750 780 827 843 845 851 899 911 921 946 948 971 979 980 990
 46
 15 41 51 138 181 212 239 248 270 339 344 364 413 467 483 489 492 535 536 542 552 565 574 576 590 611 657 684 685 694 715 762 770 773 780 824 837 838 844 883 889 920 926 937 941 964
 60
 12 26 51 60 65 73 105 130 132 148 169 198 208 264 269 284 288 307 333 355 357 402 411 416 426 439 444 471 476 510 514 523 525 532 538 548 553 559 567 583 600 623 649 652 685 689 693 696 699 727 728 745 776 824 890 908 913 955 979 995
 60
 5 12 35 54 94 95 101 104 118 159 178 210 246 258 260 285 303 327 336 378 390 406 420 425 439 445 453 478 509 515 526 549 560 563 582 594 619 660 693 711 716 722 723 724 731 734 753 776 780 797 828 831 838 846 858 886 911 914 995 998
 50
 8 86 102 117 132 145 205 210 242 264 287 329 334 345 356 423 434 435 440 459 466 487 500 509 513 520 531 546 602 638 658 659 661 669 685 714 744 753 781 786 830 838 884 887 896 928 940 949 954 1000
 43
 28 57 60 102 123 126 201 213 251 254 257 258 277 303 351 372 375 444 453 462 502 521 522 524 592 598 622 651 664 669 677 692 694 715 718 730 732 796 800 832 891 981 997
 51
 22 28 31 55 63 75 90 105 119 127 137 139 143 171 215 217 218 228 307 310 325 354 360 365 377 391 398 417 441 446 495 510 544 565 568 605 642 709 723 749 757 786 788 810 821 855 899 903 926 944 984
 51
 9 31 47 48 52 60 71 88 95 123 126 194 197 203 220 250 380 394 395 410 414 425 429 496 518 522 578 582 594 596 619 645 655 699 721 726 765 781 785 788 821 825 837 847 858 882 942 961 975 978 993
 51
 5 58 81 108 117 118 123 139 151 155 178 210 219 252 264 281 377 378 397 420 445 482 515 535 584 594 617 667 674 675 684 706 735 809 829 846 861 874 884 900 909 915 916 921 927 936 959 971 981 983 996
 53
 6 41 106 107 152 165 168 200 212 228 248 280 303 304 308 340 367 375 384 390 392 445 465 473 478 487 497 498 509 511 541 590 593 605 611 612 618 648 665 690 701 720 778 787 800 806 813 876 887 890 896 930 968
 50
 11 54 62 79 98 103 108 127 133 158 190 247 281 292 308 310 313 324 330 378 397 450 460 468 496 499 517 521 544 559 581 584 644 646 693 737 756 811 819 867 914 923 935 941 945 948 968 991 998 1000
 49
 65 72 96 101 140 144 154 155 165 167 185 245 246 248 283 302 314 352 403 420 432 436 444 453 461 464 489 490 493 511 514 544 562 565 569 576 582 593 625 667 707 732 778 835 844 861 878 929 964
 44
 12 52 131 152 171 175 187 196 253 269 273 277 281 283 317 362 364 393 412 419 441 442 514 532 539 594 618 636 666 687 701 706 743 880 898 899 915 921 923 924 958 968 982 983
 54
 12 31 62 128 150 157 169 177 190 209 234 276 302 310 324 329 391 427 430 470 473 509 514 515 522 537 549 587 595 597 604 616 621 639 654 689 697 727 752 765 782 803 805 830 836 842 848 859 885 917 934 941 966 969
 41
 28 42 47 102 112 125 126 140 159 173 176 192 213 228 240 252 312 447 501 527 559 573 592 602 616 631 653 687 688 695 697 706 711 712 787 801 813 869 895 982 984
 48
 1 18 39 46 49 118 129 157 170 197 236 247 252 279 319 320 322 394 412 418 432 439 505 510 530 558 578 647 672 680 686 689 716 730 750 779 782 798 828 833 855 868 869 870 911 928 962 974
 44
 7 42 59 118 121 141 147 170 217 220 238 268 273 326 327 339 342 357 381 452 464 475 493 494 499 524 537 543 565 588 592 611 666 671 674 724 749 755 794 815 832 868 880 973
 54
 17 84 101 117 119 148 185 195 269 270 274 286 289 317 329 349 351 404 445 476 488 493 505 518 534 549 551 552 558 560 566 573 578 585 611 636 648 653 669 694 725 738 774 785 786 814 816 823 920 934 939 949 984 998
 50
 18 68 74 97 102 115 180 183 200 204 206 212 214 216 260 295 335 361 397 434 439 459 482 497 514 521 533 573 575 613 616 618 663 671 734 740 742 763 770 788 810 846 860 900 910 924 953 966 971 979
 43
 26 46 99 120 165 203 212 214 229 244 293 352 357 376 418 428 443 458 478 503 529 533 617 620 647 679 693 694 707 740 744 777 828 838 848 889 890 894 907 922 943 956 960
 45
 28 75 81 107 127 147 167 183 197 202 203 250 263 294 298 313 346 351 354 378 398 412 415 423 460 469 494 509 517 540 548 562 589 669 710 756 763 777 825 831 868 882 912 930 989
 50
 30 94 102 140 143 156 165 185 211 222 226 302 317 323 369 382 400 402 425 450 489 511 515 517 522 525 526 530 549 558 561 572 595 652 686 690 703 706 766 787 799 804 853 857 916 927 953 954 960 981
 58
 8 23 28 40 55 59 81 83 98 99 100 132 139 174 233 264 282 283 295 309 326 380 392 401 404 436 440 444 466 472 488 493 525 548 552 571 574 575 589 604 618 626 688 696 717 725 729 757 767 817 840 867 877 913 927 945 962 996
 49
 21 32 40 43 78 91 164 165 186 202 227 241 272 306 314 325 335 336 339 346 387 392 460 473 499 509 520 522 540 560 604 614 626 656 660 711 722 725 743 815 820 842 878 904 910 914 965 983 986
 38
 24 50 60 63 154 164 201 228 345 352 359 432 435 451 459 463 489 506 507 523 554 564 657 711 736 739 755 782 821 829 830 841 851 854 914 978 996 1000
 47
 21 47 100 135 192 193 245 269 287 298 306 314 318 334 356 366 410 414 420 460 485 498 512 515 527 533 539 586 590 603 632 638 672 682 719 750 763 772 776 791 826 848 863 869 900 906 952
 41
 33 35 38 65 210 220 223 246 248 267 335 337 354 357 386 417 422 424 446 486 499 501 507 546 578 628 644 649 652 687 731 754 755 773 841 865 866 872 911 942 977
 57
 7 20 30 39 71 76 82 92 111 129 130 144 178 187 244 265 270 281 308 317 366 376 401 425 427 448 466 475 488 503 544 592 593 720 722 757 771 798 804 815 819 831 852 864 865 878 881 884 890 896 900 921 929 933 944 948 988
 48
 4 9 52 69 95 100 150 163 176 187 192 193 203 255 323 329 376 377 420 426 428 456 458 511 521 525 583 599 611 623 694 718 722 723 727 785 793 794 838 872 898 900 902 915 923 944 990 991
 47
 51 58 63 65 70 84 86 123 125 148 151 210 233 248 326 328 354 376 386 391 467 468 469 476 482 523 566 611 623 656 659 677 696 717 730 748 796 818 821 849 865 954 959 977 981 992 999
 47
 19 30 34 36 38 62 84 97 128 154 163 174 192 199 201 244 305 307 310 320 325 365 378 410 415 455 462 463 472 512 515 520 533 565 576 631 664 701 738 745 758 837 903 914 940 955 974
