2
 60   600
  374  374  374  374  374  374  374  374  374  374
  374  374  374  374  374  374  374  374  374  374
  374  374  374  374  374  374  374  374  374  374
  374  374  374  374  374  374  374  374  374  374
  374  374  374  374  374  374  374  374  374  374
  374  374  374  374  374  374  374  374   26   26
   26   26   26   26   26   26   26   26   26   26
   26   26   26   26   26   26   26   26   26   26
   26   26  174  174  174  174  174  174  174  174
  174  174  174  174  174  174  174  174  174  174
  174  174  174  174  174  174  174  174  174  174
  174  174  174  174  174  174  174  174  174  174
  174  174  174  174  174  174  174  174  174  174
  174  174  174  174  174  174  174  174  174  174
  174  174  174  174  174  174  174  174  174  174
  174  174  174  174  174  174  174  174  174  174
  174  174  174  174  174  174  174  174  174  174
  174  174  174  174  174  174  174  174  174  174
  174  174  174  174  174  174  174  174  174  174
  174  174  174  174  174  174  174  174  174  174
  174  174  174  174  174  174  174  174  174  174
  174  174  174  174  174  174  174  174  174  174
  174  174  174  174  174  174  174  174  174  174
  174  174  174  174  174  174  174  174  174  174
  174  174  174  174  174  174  174  174  174  174
  174  174  174  174  174  174  174  174  174  174
  174  174  396  396  396  396  396  396  396  396
  396  396  396  396  396  396  396  396  396  396
  396  396  396  396  396  396  396  396  396  396
  396  396  396  396  399  399  399  399  399  399
  399  399  399  399  399  399  399  399  399  399
  399  399  399  399  399  399  399  399  399  399
  399  399  399  399  399  399  399  399  399  121
  121  121  121  121  121  121  121  121  121  121
  121  121  121  121  121  121  121  121  121  121
  121  121  121  121  121  121  121  121  121  121
  121  121  121  121  121  121  121  121  121  121
  121  121  121  121  121  121  121  121  121  121
  121  121  121  121  121  121  121  121  121  121
  121  121  121  121  121  121  121  121  121  121
  121  121  121  121  121  121  121  121  121  121
  121  121  121  121  121  121  121  121  121  121
  121  121  121  121  121  121  121  121  121  121
  121  121  121  121  121  121  121  121  121  121
  121  121  121  121  121  121  121  121  121  121
  121  121  121  121  121  121  121  121  121  121
  121  121  121  121  121  121  121  121  121  121
  121  121  121  121  121  121  121  121  121  121
  121  121  121  121  121  121  121  121  121  121
  121  121  121  121  121  121  121  121  121  121
  121  121  121  121  121  121  121  121  121  399
  399  399  399  399  399  399  399  399  479  479
  479  479  479  479  479  479  479  479  479  479
  479  479  479  479  479  479  479  479  479  479
  479  479  479  479  479  479  479  479  479  479
  479  479  479  479  479  479  479  479  479  479
  479  479  479  479  479  479  479  479  479  479
  479  479  479  479  479  479  479  479  479  479
  479  479  479  479  479  479  479  479  479  479
  479  479  479  479  479  479  479  479  479  479
   56   56   56   56   56   56   56   56   56   56
   56   56   56   56   56   56   56   56   56   56
   56   56   56   56   56   56   56   56   56   56
   56   56   56   56   56  507  507  507  507  507
  507  507  507  507  507  507  507  507  507  507
  507  507  507  507  507  507  507  507  507  507
  507  507  507  507  507  507  507  507  507  507
  507  507  507  507    7    7    7    7    7    7
    7    7  395  395  395  395  395  395  395  395
  395  395  395  395  395  395  395  395  395  395
  395  395  395  395  395  395  395  395  395  395
  395  395  395  395  354  354  354  354  354  354
  354  354  354  354  354  354  354  354  354  354
  354  354  354  354  354  354  354  354  354  354
  354  354  354  354  354  354  354  354  354  354
  354  354  354  354  354  354  354  354  354  354
  354  354  354  354  354  354  354  354  354  354
  354  354  354  354  354  354  354  354  354  354
  354  354  354  354  354  354  354  354  354  354
  354  354  354  354  354  354  354  354  354  354
  354  354  354  354  354  354  354  354  354  354
  354  354  354  354  354  354  354  354  354  354
  354  354  354  354  354  354  354  354  354  354
  354  354  354  354  354  354  354  354  354  354
  354  354  354  354  354  354  354  354  354  354
  354  354  354  354  354  354  354  354  354  354
  354  354  354  354  354  354  354  354  354  354
  354  354  354  354  354  354  354  354  354  354
  354  354  354  354  354  354  354  354  354  354
  354  354  354  354   36   36   36   36   36   36
   36   36   36   36   36   36   36   36   36   36
   36   36   36   36   36   36   36   36   36   36
   36   36   36   36   36   36   36   36   36   36
   36   36   36   36   36   36   36   36   36   36
   36   36   36   36   36   36   36   36   36   36
   36   36   36   36   36   36   36   36   36   36
   36   36   36   36   36   36   36   36   36   36
   36   36   36   36   36   36   36   36   36   36
   36   36   36   36   36   36   36   36   36   36
   36   36   36   36   36   36   36   36   36   36
   36   36   36   36   36   36   36   36   36   36
   36   36   36   36   36   36   36   36   36   36
   36   36   36   36   36   36   36   36   36   36
   36   36   36   36   36   36   36   36   36   36
   36   36   36   36   36   36   36   36   36   36
   36   36   36   36   36   36   36   36   36   36
   36   36   36   36   36   36   36   36   36   36
   36   36   36   36  341  341  341  341  341  341
  341  341  341  341  341  341  341  341  341  341
  341  341  341  341  341  341  341  341  341  341
  341  341  341  341  341  341  341  341  341  341
  341  341  341  341  341  341  341  341  341  341
  341  341  341  134  134  134  134  134  134  134
  134  134  134  134  134  134  134  134  134  134
  134  134  134  134  134  134  134  134  134  134
  134  134  134  134  134  134  134  134  134  134
  134  134  134  134  134  134  134  134  134  134
  134  134  134  134  134  134  134  134  134  134
  134  134  134  134  134  134  134  134  134  134
  134  134  134  134  134  134  134  134  134  134
 23
 13 24 36 62 107 117 128 131 177 206 226 331 355 407 425 426 432 449 460 466 508 511 555
 30
 30 147 168 203 248 265 282 283 293 305 310 311 321 322 327 344 353 361 380 455 464 518 519 525 563 565 571 573 586 594
 24
 5 28 32 38 83 174 184 188 212 219 221 245 327 338 339 365 378 397 424 504 556 564 566 568
 18
 9 34 108 117 136 142 166 191 266 276 392 415 417 423 441 470 490 493
 28
 3 33 98 121 132 143 146 148 163 189 199 226 230 301 340 342 364 396 410 427 430 440 441 445 481 488 530 545
 24
 61 90 113 114 116 119 137 190 238 242 244 275 304 312 366 367 400 404 447 504 511 543 559 597
 20
 1 31 49 64 66 130 141 149 153 161 189 194 247 252 254 341 473 486 521 592
 29
 37 50 97 102 164 185 190 217 233 246 262 284 286 328 331 335 340 345 348 356 358 451 458 469 491 494 520 539 569
 28
 40 45 63 65 89 107 153 213 227 254 274 280 288 292 317 328 375 436 484 485 495 529 541 545 551 566 567 590
 18
 1 29 52 74 95 102 152 240 255 264 282 301 323 330 395 424 572 583
 20
 1 3 14 19 65 115 124 187 215 246 266 296 386 399 456 481 483 485 562 591
 17
 27 141 164 178 228 234 258 268 373 395 413 417 421 548 555 561 574
 33
 6 29 40 54 57 58 59 85 88 132 135 138 144 157 197 202 249 272 277 285 295 299 313 369 401 473 495 521 551 583 586 597 600
 24
 2 39 52 125 158 224 268 277 297 309 317 396 401 437 463 492 498 506 525 527 531 532 534 589
 24
 15 48 55 67 100 180 182 217 279 326 352 381 393 412 446 513 523 533 534 538 539 550 588 593
 17
 38 43 55 76 92 163 191 250 298 383 406 409 418 489 502 510 557
 21
 7 73 98 155 195 201 220 239 252 261 269 312 339 361 369 370 407 454 467 517 546
 21
 20 21 30 91 105 117 129 224 225 263 319 334 373 388 411 444 493 512 522 552 579
 14
 10 25 94 170 198 203 209 350 411 429 474 522 530 599
 30
 2 27 33 43 92 129 167 206 207 243 247 286 293 325 365 367 371 374 382 402 436 450 475 476 478 488 511 523 532 600
 30
 28 88 115 144 185 186 187 194 204 210 211 236 250 260 287 302 305 309 318 319 337 486 497 501 531 534 542 564 595 598
 24
 11 23 45 59 72 120 129 212 225 277 290 297 315 320 398 403 413 443 463 479 533 547 548 571
 23
 18 48 56 81 93 101 104 123 272 284 288 303 325 354 415 444 472 489 493 540 557 568 583
 23
 30 61 62 128 142 151 173 174 178 235 243 256 258 280 307 345 385 447 496 505 540 578 595
 21
 51 83 120 131 146 159 200 216 235 258 261 265 295 327 386 506 517 536 539 546 567
 24
 23 46 47 93 135 136 169 187 199 239 240 299 302 307 338 344 360 394 423 436 482 484 521 524
 27
 17 43 99 147 150 171 178 214 241 245 291 293 334 347 370 387 399 410 421 445 450 465 477 520 532 547 598
 25
 67 80 111 114 234 253 281 298 311 314 326 336 347 371 410 432 455 484 499 500 501 516 564 568 591
 23
 48 72 92 182 202 208 222 227 257 281 290 352 365 384 394 402 409 420 487 497 499 553 577
 26
 9 53 54 63 76 80 83 109 111 184 193 210 249 310 330 349 376 381 388 433 449 457 476 479 496 562
 24
 8 12 13 58 71 127 140 153 172 176 186 188 209 231 363 367 383 390 459 494 515 531 565 583
 21
 42 84 134 172 198 222 238 250 332 341 360 363 384 398 408 458 487 494 554 561 581
 15
 34 167 175 221 254 259 329 379 387 408 420 487 507 582 587
 20
 20 68 145 181 183 209 261 269 280 320 352 384 426 443 450 490 539 558 559 589
 27
 8 18 27 40 47 50 60 91 106 126 175 196 219 223 256 266 271 283 289 312 377 405 416 453 456 552 597
 25
 6 59 79 173 177 181 229 230 232 249 329 406 431 442 446 455 460 480 495 510 550 560 565 569 596
 20
 56 112 126 138 177 217 241 244 248 273 350 365 395 412 418 425 440 528 543 590
 31
 4 11 32 70 74 81 128 148 223 225 226 243 266 271 276 300 316 343 357 368 371 422 451 465 491 499 500 544 588 591 592
 28
 19 26 39 51 60 110 113 124 150 151 156 176 195 196 214 270 303 304 324 333 375 422 434 507 515 537 542 558
 15
 46 100 210 216 260 306 337 357 362 377 390 462 475 549 575
 25
 25 53 82 133 140 143 163 192 193 233 255 305 321 356 359 368 374 404 439 468 543 570 590 594 596
 28
 6 36 85 94 116 134 194 195 231 246 247 257 295 364 372 378 391 450 455 457 467 468 526 529 535 537 544 584
 28
 7 35 95 96 97 125 131 149 198 232 235 237 239 252 279 294 323 324 366 385 429 459 502 511 519 526 551 573
 31
 31 42 90 109 110 160 165 182 200 206 222 233 255 269 311 315 335 435 439 450 461 474 479 480 492 503 505 508 528 548 554
 21
 17 21 75 105 115 144 145 197 214 229 242 276 414 419 437 503 510 527 575 576 582
 21
 16 41 75 82 93 185 213 225 253 264 270 273 284 389 400 477 482 513 514 580 585
 21
 36 73 77 143 205 225 237 274 335 338 368 391 393 419 425 442 465 509 522 572 580
 21
 87 108 119 170 171 251 267 316 318 346 359 379 380 452 466 469 479 511 535 536 577
 24
 7 22 57 60 64 136 148 158 168 218 260 268 278 296 299 305 385 392 394 431 464 550 574 577
 37
 37 39 53 60 68 84 101 106 121 122 133 142 156 157 168 208 251 290 291 292 300 316 327 353 382 412 446 448 470 471 536 541 546 549 553 560 584
 29
 10 12 35 51 100 110 118 160 218 261 320 336 341 343 351 352 354 358 372 440 454 474 485 509 514 529 560 570 585
 21
 68 70 99 123 134 139 152 155 179 180 181 204 313 333 346 367 416 512 516 524 599
 25
 10 22 49 57 79 107 109 130 162 171 179 211 223 263 308 309 322 376 422 438 448 452 472 500 542
 24
 16 24 48 103 111 149 230 236 275 277 289 292 396 414 415 428 434 438 445 471 556 561 574 593
 24
 26 71 78 86 88 103 112 165 183 197 202 204 257 260 262 266 267 314 332 389 518 559 587 594
 14
 41 104 122 127 154 166 208 278 321 340 356 358 478 570
 19
 5 15 86 114 154 181 192 201 271 281 283 285 308 336 348 351 430 471 544
 31
 44 54 69 137 139 160 162 169 172 205 207 220 294 297 322 343 351 384 408 428 433 453 461 462 464 483 491 515 527 578 579
 29
 14 42 44 66 122 134 159 165 272 289 306 344 347 349 402 403 405 418 426 427 435 460 498 518 519 562 571 576 600
 28
 4 33 49 87 89 96 118 150 161 215 219 228 259 287 300 308 342 355 362 388 397 438 457 512 538 563 566 581
