2
 10   100
   29   54   82   28   35   17   11   39   44   59
   51   21    2   13   91   63   57   83   74   98
   38   32   92   53   20   27   62   63   69   95
    6   84   35   90   77   24   71   33   70   27
   57   87   85   98   30   49   97   65   31   93
   63   13   67   66   14   56   69   81   93   79
   24   83   58  100   90   82   57   52   82   51
   93    9   17   29   50   39   90   11    5    9
   86   98   17   94   65   93   85   68   77   23
   95   94   40   64   45   38   13   34   86    9
   17   39   95   86   56   16   66   69   34   50
   75   81   29   33   96   89   52   12   26    3
   24   44   28   30   23    6   78   80   65   43
   35   65   71   21   74   83    3   75   40   39
   22   67    9   30   59   99   87   13   65   29
   53   77   14   15   33   58   61   15   92   23
   51   23   69   28   93   52   40   11   20   41
   38   90   86   84   91   95   22  100   68   43
   72    9    5   10    5   69   78   99   50   64
   36   70   77   63   28   91   24   85   76   83
 23
 1 3 4 5 7 9 14 15 17 24 33 34 39 64 65 67 70 71 80 84 85 88 96
 19
 2 3 5 7 8 11 16 26 31 32 42 48 57 59 63 78 83 84 92
 14
 15 27 29 30 40 54 55 58 63 72 88 94 95 98
 21
 9 10 11 13 20 25 36 45 56 57 66 69 74 77 81 82 86 90 91 97 100
 20
 1 4 17 18 21 23 26 27 34 39 44 45 46 47 51 59 76 77 87 94
 14
 3 6 8 12 28 30 38 42 47 60 71 74 87 100
 17
 24 35 36 37 43 47 49 53 58 65 70 73 76 78 90 92 99
 20
 16 18 19 21 23 29 38 41 51 52 64 65 66 67 75 86 89 91 96 99
 21
 10 12 17 22 28 32 33 35 39 43 44 46 50 51 61 62 81 82 89 93 98
 23
 2 19 23 29 34 36 40 44 46 48 49 50 56 59 60 68 74 75 79 81 86 89 93
