2
 100   1000
  421  263  402  321  988  588  146  873  504  413
  869  403  543  710  328  730  708    5  184  538
  866  583  283   10  262  865  108   98  149  556
  859   67  464  726  675  191  773  343  563  578
  186  888  171  278  774  629  110  689  794  797
  782  352  824  982   82  731  171  769  632  414
   72  254  972  731  609  886  345   55  900  455
  689  624   61  942  837   67  293  290  167  168
  921  213  140  167  300  650  518  659   22  693
  870  515  616  875   77  932  779  188  154  574
  268  152  888  179  228  376  772  526  515  160
  964  931  642  262  218  292  698  304  654  516
  360  572  609  617  233  260  199  644  352  998
  234  139   15  878  715  903  493  107  818   96
  189  864  395  204  498  836  120  803  503  549
  701  964   63  936  205   54  465  372  540  974
   45  490  997  990  558  941  847  395  961  727
  700  637  392  413  761  375  516  257  464   56
  809  862   81   80  657  949   67  247  692  122
  127  809  305  511  968  931  853   14  611  968
   29  516  837  248  549  384  569  735  517  272
  798  295  185  685  436  821  387  622  635  957
  907   49  622  323  954  871  230  482  392  641
  747  698  538  332  940  886  102  290  771  587
  514  505  307  770  108  818  262  915  413  789
  836  753   83  668  243  646  805  465  113  708
  428  160  367  729  829  164  850   41  828  500
  935  985  674  830  317  913  795   24  187  636
  318  216  321  846  555  320  544   16  885  745
  512  926  607  482  261  170  535  373  457  719
  634  547  811  408  968  177  831  241  558  426
  482  481  924  825   96    1  823  888  740  917
   33  390   87  940  976  141  449  596  829  520
   74  699  940  822  751  672  284  923  101  248
  966  288  999  858   92  707  927   69   85  622
  225   64  458  355  109    5  891  755  222  964
  909  222  620  417  808  799  224  744  166  631
  824  989  456  495  461  674  702  686  505  379
   11  921  476  209  930  540  793  878  526  528
  858  900  775  624  286  412  884    9  774  181
   21  164   30  928  710  164  525  753  225  594
  792  285  960  204  627  906  408  454  445  148
  110  281  983  822  470  314  499    4  197  474
  133  604  445  406  845  388  972  802  143  680
  795  783  813  489  819  965  270  261  810   85
  275  736  917  392    9  661  617    9   69  509
   24  625  830  449  372  922  651  902  255  565
  898  426  730  590  413  956  868  595   70  236
  956  656  271  928  472  726  566   47  751  659
  535   48  860  694  351   34  716  741  706   81
  225  121  844  534  818   95  385  793  692  122
  249  906  836  734  380   27  139  267  766  754
   43  566   33  778  415   70  292  963  418  642
  580  753  776  916  138  262  290  480  168  166
  193  289  976  768   54   74    9  896  828   49
  975  377  863  733  465  204  397  219  125  866
  579  256  855  813  311  926  408  441  629  617
  295  449  867  409  674  915  733  585   93  886
   95    9  427  923  726  163  495  254  918  332
  335  206  736  282  605  331  387  393  901  901
  695   82   33   67  266  766  593  963  405  442
  967  333  619  553   63  478  264   87  503  627
  521  703   82  708   58  250  944  347  841  742
  559  725   88  546   79  134  184  332  987  701
  636  209  969  135  584  613  666  742  311  709
  307  863  125  310  326  429  235  161  726  554
  910  666  519   77  223  626  698  884  570  599
  216  193  927  584  234  310  557  550   13  412
  841  918  389  153  433  606  227  632  758  297
  500  539  736  112  913  277  621  728  317  168
  856   88  394  934   46  376  725  176  427  577
  229  861  997  558   73  162  318  244  435  287
  606  835  375  670  124  539  312  770   85  256
  544  877   27  570  988  320  522  553  948   43
  396  853  453  613   16  573  258  479  433  603
  566  877  225  180  856   73  531  753  935  782
  846  101  844  391  422  284  838  961  451   16
  638   75  990  331  316  947  711  634  858  736
  298  668  383  543  168  454  194   10  833  269
  861  201  959  896  540  337  288  355  131  536
  919  494  699  248  454  636  366  501  674  787
  588  255  192  612  148  480   52  718  389  974
  231  262   92  647  539  864   10  884   79  280
   46  792   55  897  198  655  570  596  883  958
  300  944  231  194  186  650  468  761  948   38
  631  909  118  841  377  670  707  451  847  174
  202  320   88  414  995  107  236  104  835  700
  552  830  341  259   29  382  677  878  536  356
  843  433  252  536  111   23  786  603  357  815
  915  694  944  537  191   86  160  101  904    1
  482  698  743  481  913  322  707  358  906  420
  850  911  105  648  243  515  391  883  971  889
  715  796  126  320  598   50  284  362  802  107
  490  554  896  208  251  107  266  733  840  235
  250  189  254  353  664  677  176  451  544  526
  872  570  374   75  799  960  728  194  222  481
  999   17  683  835  389  846  504  568  465  427
   88  672  353  477  504  288   71  301  295  799
  132  449  784  763  767  675  512  914  285  999
  943  930  820  859  727  748   88  361  397  357
  494  732  675  203  838  940  704  149  626  492
  648  252  466  312  382  348  974  765  186   37
  980  122  651  946  613  398  167  122  595  457
  678  110  216  484  383  169  212  258  982    6
  264  720  508  319  289  745  372  369  488  126
  822  660  757  999  695  100    6  711  299  932
  193  343  615  692  313  422  290  392  270  411
  268  126  536  838  417  906  636  749  717  126
  980  484  815   16  338  822  135    7  308  569
  496  906  807  955  280  175  319  732  856  337
  639  135  786    1  515  488  694  837  690  812
  953  440  447  148  794  157  472  944  617  201
  889  123  593  993  824  576  630  823  702   47
  859  282  763  682    1  362  836  131  347   78
  693   91  942  322  191  868  305  422  955  179
  890  372  446  810  284  319  405  434  932  927
  768  896  560  917  701  833  751  933  176  775
  139   35  328  441  806  684  192  303  531  697
  842  116  166  580  552  319  821  489  507  362
  561    6  538  706  399  792  827  904  353  215
  273   77  996   76  620  596  470  675  788  498
  110  857  443  419  816  210  901  472  855  333
  377  465  918  645  189  265  854  128  468  890
  979  266  573  699  505  680  318  822  476  915
  365  292  461  782  999  998  365  542  818  227
  549  586  469   86  988  479  442  247  766  703
  754  166  206  665  883  165  348  103  855  871
  495  148  624  239  578  417  302  570  391  394
   38   94  439   89  240  440    5  937  527  340
   52  158  262  100  524  688  287  290  405  779
  207  475  419  543  689  913  689  899  734  753
  127  904  907   92  652  286  418  950  940  629
  281  612  821  215   54  884  479  519    6  268
  823  495  659  335  662  461  238  266  896   78
  782  238  298  593  375   48  368   31  293   85
  523  677  703  161  418  424  307  241  341  731
   57   34   21  817  701  769  287  155  981  517
  342  874  378  285   38  156  496  859  486  626
  425  238  563  735  778  280  315  220  267  467
  584  697  728  704   40   13  320  553  730  711
   81  381  712  603  538  370  669  568  768  976
  737  730  534  237  369   81  496  435  812  377
  282  305  531  282  856  703  866  479  263  675
  254  973  943  749   25  685  549   88  449  581
  987  362  339  650  457  478  145  481   70  553
  755  296  803  205   16  780  850  459  472  125
  229  215  257  614  352  146  642   23  896  616
  392  512   96  444  438  671  538  113  331  884
  879  355  634  675  619  193  679  607  864  198
  426  383  195  821  499  142  430  680  316  846
   47  898  902  324  398  891  337  481  206   26
  454  475   90  976  514  255  898   69  208  106
  615   87  900  148  467  644  917  702  780  358
  299  849  931  411  236  898  267  420  779   20
  200  708  140  765  398   26  372  369  575  811
   24  864  824  894   67  791   58  492  137  103
  753  871  647  801  336  117  875  700  783  100
  178  821  112  107  709   68  768  851  498  275
  809   76   16  831  425  567  922  876  201  359
  653  829  359  644  894  220  627  274  431   76
  794  782  364   85  159  503  899  207   54  781
  791  732   66  946  673  838  999  564  855  217
  100  244  160  316  831  297   77  514  993  337
  987  841  676  788  387   19  260  865  214  536
  652  590  537  847  247  991  797  223  275   50
  799  594  918  753  645   50  125  437  981   35
  499   33  638  645  626   52  574  765  528   10
  408  260  348   80  432  867  184  152  965   93
  723  531  595  566  871  777   69  967  539  438
  273  304  136  983  826  111  461  794  777  809
   52  942  665  708  298  259  397  563  641  578
  476  656  573  301  825  597  527  449  597  241
  136  600  586  374  647  580  270  180  697  768
  296  288  181  284  511  829  777  965  704   24
  656  307  535  396  934  545  277  831  629  846
  727   37  701  460  902  205  312  426  586  240
  537   89  185  851  120  768  783  865  101  692
  595  382   54  492  676  144  743    1  534  110
  885  551  626  577  671  422  161  996  111  939
  494  802  932  632  229  390   58  992  888  564
  115  984   40   32  500  765  386  660  948   19
  488  318  882  415  149  767  837  815  774  379
  520  871  759  212  361  196  453  527  581  120
  475  480  782  407  188  979  393   45  446  907
  966  258  291  378  406   99  379  824  883  168
  787  528  276  891  523  684  776  566  766  546
  367  239  482  895  147  594  755  849   36  436
  802  726  887   89  414  899  756  469  425  599
  200  916  701  263  242    2  468  741  314  728
  571  252   10  197  986  226  996  232  347  777
  648  921  186  909  510  342  231  506  935  578
  465  442  603  146  320  819  392  895  765   32
  596  455  295  859  774  469  398  740  474  252
  489  991  680   67   52  243  279  807  787  570
  722  170  679  837  300  672  835  316   89  304
  959  362  855  695  739  233  570  116   41   55
  983   81  972  382  413   75   41  129  359    9
  151  230  988  208  598  278  193  197  986  299
    3  804  347  813  864  803   83   52  157  582
  455  255  123  102  651  273  632  235  721   66
 93
 30 37 38 80 94 104 111 126 137 148 160 182 183 197 199 218 219 237 238 241 251 273 287 290 298 300 307 335 339 349 370 372 376 377 378 389 395 396 403 408 443 451 460 466 479 482 492 494 511 521 538 545 558 568 571 575 581 583 585 595 616 624 639 642 695 706 708 710 729 730 744 749 811 819 828 834 835 839 845 854 877 882 888 891 899 908 909 911 940 960 974 976 978
 100
 49 55 76 83 85 123 142 153 160 162 163 175 177 186 189 203 216 225 227 252 269 272 292 304 310 323 325 327 352 353 364 366 376 398 435 438 441 473 480 483 484 495 512 515 517 531 537 540 544 548 558 570 574 580 586 599 620 651 652 676 685 713 717 729 742 746 748 754 757 759 773 777 786 802 804 808 820 826 832 837 838 859 865 892 906 915 920 926 933 943 945 949 965 968 971 977 986 989 990 1000
 91
 6 14 16 28 29 30 42 63 69 70 78 83 86 88 98 146 150 156 158 160 162 183 188 205 221 224 226 230 232 236 250 253 261 263 293 295 351 355 377 384 386 392 401 402 412 465 469 471 481 495 510 528 531 533 540 549 557 568 577 582 585 616 633 642 661 664 679 682 683 697 723 734 735 766 787 788 800 826 870 887 899 903 904 911 922 925 927 931 952 963 997
 108
 4 8 11 31 40 46 70 76 79 80 81 108 113 115 133 162 170 173 175 182 187 204 208 213 223 227 229 232 233 238 264 272 278 284 288 294 308 314 331 335 338 353 356 360 371 372 374 380 381 383 397 428 453 465 479 483 486 495 500 516 521 525 530 541 548 554 589 593 594 597 599 601 602 606 624 641 645 662 684 695 698 711 730 735 741 773 778 783 784 786 789 790 798 812 821 855 863 868 871 880 885 887 891 941 943 972 975 998
 108
 22 24 28 31 42 61 67 87 114 120 121 125 126 129 130 131 161 168 179 182 184 187 202 206 208 239 244 259 267 284 299 304 310 318 327 335 338 344 345 357 367 375 382 407 408 409 413 415 435 438 455 473 476 498 507 513 517 542 551 554 557 567 569 577 579 590 604 605 617 623 627 634 645 648 659 671 679 684 716 722 723 732 737 744 755 769 773 777 794 803 804 820 824 825 832 836 839 842 876 907 926 932 939 954 982 984 985 987
 103
 6 14 19 23 37 58 70 80 84 96 97 129 150 153 168 173 188 201 211 221 230 249 250 253 256 268 289 300 304 308 312 327 333 341 350 367 368 374 379 381 384 388 399 409 414 436 448 452 464 480 481 501 509 510 511 515 530 535 541 542 548 553 558 561 569 599 602 605 606 613 628 633 639 641 644 653 654 655 660 665 670 673 678 697 706 714 723 749 763 787 800 801 855 876 885 889 908 928 935 942 944 969 991
 80
 5 18 43 57 64 66 67 71 82 88 90 97 105 111 114 117 123 134 142 167 168 185 216 222 240 261 294 308 314 318 337 354 356 372 373 374 400 413 417 424 431 445 474 478 530 543 544 546 552 559 560 572 635 691 698 700 723 733 740 746 772 805 807 841 850 866 870 884 886 894 906 919 922 929 941 944 955 957 968 993
 103
 1 7 11 30 47 50 68 75 78 111 121 126 141 167 172 187 193 199 216 221 224 257 263 268 269 271 277 281 282 288 291 292 297 323 327 335 355 362 378 384 388 402 416 423 426 428 434 459 465 467 471 479 485 488 491 498 504 528 541 549 550 552 566 568 570 572 593 613 614 617 637 638 641 681 694 712 730 731 752 756 760 783 808 809 823 832 834 859 877 884 890 897 907 911 916 920 925 930 950 959 962 982 985
 87
 49 62 77 88 98 102 105 107 121 129 142 144 151 175 180 182 203 207 225 230 251 262 263 264 273 274 308 315 333 341 352 370 382 393 398 402 409 411 433 434 440 442 451 482 488 489 491 492 499 519 536 543 557 584 603 611 635 640 645 646 652 666 676 679 682 698 727 739 742 744 750 760 784 810 835 842 850 852 895 905 906 944 961 975 978 979 980
 101
 25 26 49 54 63 81 82 85 129 131 133 139 140 141 156 171 174 176 177 178 183 204 205 225 251 254 262 265 269 273 274 284 297 304 305 308 311 338 357 361 392 408 411 427 428 451 482 496 503 522 532 544 549 560 573 584 609 611 617 659 688 693 708 717 718 727 731 746 759 774 793 803 807 817 820 821 824 833 845 854 856 870 871 873 888 914 921 924 931 937 942 960 962 964 971 972 974 987 992 997 998
 89
 3 6 7 15 41 51 70 84 103 122 127 159 164 189 192 199 202 204 213 233 249 273 289 308 330 339 346 369 379 383 393 398 401 414 427 443 452 456 473 486 501 513 520 524 540 544 572 578 587 589 591 598 600 605 608 610 611 616 619 622 625 630 637 642 648 655 685 717 718 753 755 768 771 780 783 807 834 846 847 848 853 871 874 935 945 946 953 964 972
 92
 21 22 37 53 54 55 59 64 68 82 90 106 119 122 132 140 144 146 160 175 181 185 188 209 211 212 215 223 241 250 278 283 284 290 298 315 337 351 397 422 438 453 470 474 476 479 480 485 496 504 513 521 538 561 572 575 593 595 598 604 623 652 654 671 674 681 697 701 714 731 750 760 783 785 799 827 839 846 852 859 869 883 885 886 905 922 937 940 947 950 971 987
 108
 10 20 39 57 60 75 76 88 96 106 109 110 125 132 143 147 148 160 170 195 204 206 209 216 217 218 233 251 255 259 267 271 276 277 309 310 314 328 359 373 375 394 407 408 409 416 418 424 425 428 461 462 467 473 481 489 520 524 525 526 527 542 546 550 554 585 593 601 619 631 646 647 662 679 688 708 723 727 732 738 745 761 770 771 778 783 793 802 806 813 815 817 827 829 830 833 841 846 853 873 896 913 916 919 925 927 932 988
 108
 4 24 27 31 32 37 39 52 54 55 93 102 120 121 134 146 150 152 153 159 161 170 175 176 178 210 243 244 246 258 260 262 269 284 285 290 291 293 305 308 319 322 323 325 326 335 344 363 374 381 393 403 410 431 433 442 445 459 466 480 492 496 527 554 571 572 576 583 589 596 609 610 619 624 649 672 683 688 698 710 717 741 750 752 766 784 795 822 834 835 843 857 889 892 899 904 917 942 943 945 947 952 954 955 959 965 966 969
 78
 8 25 101 124 136 166 179 192 199 202 213 216 217 226 238 242 247 256 263 272 277 281 306 328 336 339 354 376 413 422 426 432 446 463 502 503 505 507 516 517 518 519 522 526 541 558 576 582 589 602 608 614 620 628 630 633 653 661 680 701 709 713 736 747 752 780 802 828 845 875 879 883 885 891 916 922 952 996
 90
 31 51 57 62 69 79 83 100 104 119 134 186 189 190 211 220 229 233 238 252 260 268 270 301 364 371 372 394 395 401 408 426 434 435 462 465 477 483 499 500 506 510 517 520 528 547 567 570 585 588 597 637 648 662 669 689 690 712 719 733 737 742 757 758 765 768 783 789 805 807 816 828 832 851 863 876 893 894 899 929 940 942 947 954 961 969 974 975 981 998
 96
 4 7 21 48 50 75 90 105 106 112 128 130 131 139 164 172 176 190 195 209 278 290 293 331 332 365 374 382 392 397 415 418 421 424 434 436 441 456 475 481 497 505 511 524 529 553 565 568 573 579 584 592 595 601 610 636 668 670 690 724 730 756 765 766 778 786 788 790 798 825 827 836 839 841 845 860 877 880 885 886 906 911 926 932 942 958 961 971 972 977 981 983 990 992 994 996
 88
 5 33 37 46 47 49 52 53 57 61 70 98 116 122 127 153 165 182 193 203 206 223 227 244 247 253 259 261 269 284 297 306 314 316 328 331 346 385 392 408 415 428 434 437 452 475 480 486 517 564 588 603 619 620 661 662 674 679 688 692 702 714 718 723 736 749 799 812 842 849 856 861 869 895 900 904 920 932 935 951 952 959 964 976 978 981 997 1000
 98
 5 16 18 40 50 64 78 96 99 101 103 111 122 139 169 173 177 182 190 199 217 235 242 245 274 278 281 315 352 365 377 390 397 398 411 415 419 427 432 435 438 462 463 470 477 482 495 499 506 536 547 557 571 576 607 619 626 632 639 647 657 674 679 683 685 710 721 722 724 725 726 738 739 754 764 777 787 789 791 796 799 805 829 831 832 849 877 898 902 908 915 923 954 957 984 991 994 998
 104
 3 8 16 19 22 27 32 49 54 89 141 144 147 163 185 187 189 192 195 205 209 216 219 225 230 238 254 265 272 284 287 311 312 315 324 344 345 346 365 372 379 382 385 424 434 453 459 473 478 494 498 501 506 545 549 559 570 572 579 589 593 606 614 615 626 627 630 632 634 640 657 681 686 699 710 714 719 725 738 741 755 756 767 768 796 809 820 843 848 875 880 884 897 916 921 925 942 945 974 976 981 982 987 989
 83
 28 29 43 50 58 73 84 121 128 133 136 145 164 185 189 200 201 219 229 247 259 296 298 318 324 336 354 362 363 387 406 447 448 490 499 508 530 531 549 554 564 571 574 587 597 619 624 632 647 651 660 665 670 671 679 683 685 686 704 707 711 712 727 747 767 775 779 800 855 867 890 895 906 925 933 944 946 960 961 979 989 993 999
 84
 6 15 16 34 70 76 81 86 107 110 121 131 132 135 139 142 145 151 159 166 171 180 190 204 205 213 218 239 243 249 253 272 274 285 306 320 323 347 355 356 360 388 423 427 434 452 496 526 531 545 564 568 578 581 597 610 611 622 630 674 680 684 685 695 707 713 725 729 739 774 782 785 810 823 844 866 870 875 909 922 923 929 995 999
 108
 1 10 12 18 34 39 75 77 84 91 94 95 126 127 133 168 172 174 178 179 228 231 250 252 260 261 271 273 275 276 284 285 286 297 303 308 318 337 342 379 391 392 397 414 420 429 434 439 443 450 451 452 460 463 468 472 482 486 501 515 516 524 558 560 580 586 597 601 612 614 630 631 643 659 664 695 707 716 725 729 746 758 771 780 781 786 789 806 817 831 843 875 880 904 905 919 925 928 931 953 956 962 963 965 968 969 985 998
 117
 4 14 17 37 51 52 53 57 59 74 81 82 85 92 103 122 148 154 165 170 184 202 213 214 216 219 230 240 247 248 250 265 282 296 307 311 312 327 338 350 360 379 381 390 391 404 408 417 431 432 439 444 458 462 466 467 468 470 475 488 505 506 528 533 560 565 566 574 583 584 589 591 595 606 619 629 634 639 653 688 700 703 704 705 720 725 744 750 763 764 769 776 782 783 789 819 823 825 828 833 841 870 876 892 897 906 909 926 934 937 945 948 968 970 974 989 993
 101
 1 28 40 43 44 46 54 55 58 67 75 79 94 101 104 116 126 138 139 145 155 186 193 212 217 218 227 240 243 247 250 251 261 264 266 271 278 281 288 295 305 319 332 338 353 370 373 377 380 388 401 406 440 451 454 455 472 490 492 530 531 538 543 576 587 609 610 617 630 644 648 664 672 674 679 687 699 700 711 720 742 743 779 795 803 808 811 832 839 863 873 874 906 917 942 943 948 970 977 984 989
 100
 4 9 16 32 35 63 66 72 80 94 114 131 154 157 159 168 182 193 203 206 207 216 233 245 274 280 281 283 292 293 307 320 323 325 330 331 341 350 351 388 392 400 403 417 423 431 434 436 451 459 477 480 488 511 516 519 527 533 545 552 590 595 627 650 682 684 719 723 727 735 755 760 769 774 779 788 789 831 842 843 854 858 867 882 885 901 902 914 915 935 944 948 949 954 962 964 969 970 988 1000
 89
 8 21 56 58 80 92 111 122 131 142 177 179 183 193 196 205 219 220 241 269 272 279 280 284 304 322 327 337 344 355 357 359 363 382 385 399 408 416 435 442 459 466 484 486 505 516 533 551 571 577 579 585 595 608 622 624 626 630 637 682 686 687 701 705 731 741 749 760 763 825 832 841 850 859 866 889 904 913 922 932 943 945 946 949 966 968 970 975 992
 103
 1 8 19 25 34 44 48 63 68 73 75 81 102 115 118 131 135 136 140 154 183 190 204 213 218 226 233 238 263 270 276 278 291 298 311 315 335 336 347 354 379 391 415 416 454 456 461 465 472 484 497 503 512 514 522 547 550 572 590 593 607 618 621 624 629 633 640 650 654 692 699 714 723 733 740 744 756 757 759 764 791 795 796 799 806 823 830 834 850 859 864 872 877 892 928 940 943 949 951 954 964 975 1000
 101
 6 18 20 21 32 41 50 84 91 110 114 117 119 123 125 133 134 136 138 152 160 177 192 199 209 218 243 245 246 257 273 279 296 303 325 335 359 364 368 371 376 383 392 397 405 423 461 466 471 485 488 525 528 538 556 563 566 575 576 591 597 611 623 631 670 681 690 693 711 712 725 731 749 750 763 777 788 809 822 825 828 838 845 848 851 868 877 882 884 889 893 897 916 926 929 941 950 967 971 985 995
 95
 49 63 67 70 77 83 109 115 121 122 126 127 145 148 161 163 165 188 194 199 211 212 213 222 266 276 284 291 300 315 322 340 342 347 349 358 372 387 400 406 411 425 426 460 461 470 487 504 541 545 554 560 563 568 569 572 588 596 606 608 609 621 624 627 681 684 688 691 711 726 729 742 747 760 765 767 771 774 785 803 835 838 847 853 855 863 897 898 899 903 924 952 968 975 978
 90
 3 20 22 25 26 41 60 61 70 84 95 97 116 137 150 156 164 175 179 193 216 222 272 288 299 339 350 385 394 396 400 409 411 422 429 434 446 470 479 507 512 517 525 530 551 560 611 629 639 641 654 656 665 668 684 695 696 719 721 730 733 740 742 773 790 797 802 827 860 862 865 881 890 907 911 912 915 933 935 936 940 941 947 948 952 956 966 979 987 991
 99
 1 2 19 35 38 42 51 59 67 78 93 96 98 109 110 111 123 131 140 150 154 166 173 217 219 221 222 223 231 250 256 260 272 282 302 312 313 314 329 335 366 391 401 413 449 451 458 481 495 497 504 517 537 552 554 567 568 578 594 601 605 607 626 668 680 695 707 718 723 727 746 772 786 794 801 813 818 819 835 848 859 871 875 880 887 908 911 915 922 925 954 958 960 965 966 976 978 980 998
 110
 30 31 43 60 75 76 87 98 100 105 115 123 124 126 135 155 173 192 197 206 209 211 224 227 242 268 270 284 288 295 320 331 337 357 359 365 366 371 388 389 393 395 404 423 426 440 441 446 454 462 478 481 482 490 500 502 505 509 533 551 576 592 607 610 618 620 623 627 639 642 669 671 697 699 708 714 715 716 723 744 749 762 764 766 783 802 804 806 810 811 825 840 853 871 895 901 903 933 934 936 946 964 966 968 972 976 989 993 994 996
 87
 20 36 41 69 92 111 119 130 150 151 156 168 180 181 183 186 205 208 279 280 287 313 336 355 357 366 377 378 380 396 401 411 427 439 455 461 466 471 476 477 505 511 525 527 536 540 574 584 607 614 616 618 619 626 647 652 695 718 721 725 728 732 737 767 774 780 784 788 806 808 842 850 856 857 858 859 887 890 914 916 926 927 935 955 960 994 1000
 81
 12 37 40 43 66 71 72 75 81 125 136 160 170 175 178 212 246 247 250 251 266 269 289 294 303 327 340 343 355 382 389 402 413 430 449 472 475 498 510 517 531 540 542 555 565 567 591 597 640 642 688 691 701 716 719 747 752 754 762 786 810 823 825 832 843 871 877 880 881 884 889 894 909 910 951 956 965 967 970 987 998
 104
 6 14 15 35 37 40 53 57 67 79 90 94 96 103 119 125 126 144 145 149 158 161 182 184 187 207 222 228 230 232 245 247 249 252 257 266 285 292 312 323 335 340 347 348 349 358 369 377 396 402 432 441 455 460 493 501 514 529 547 553 562 568 588 593 598 602 603 626 661 668 671 672 676 679 693 708 718 722 725 747 757 801 805 819 845 846 851 852 853 862 881 884 889 890 910 919 925 928 934 938 950 951 955 1000
 87
 16 17 25 36 66 89 110 126 131 152 175 180 204 216 218 226 243 244 246 253 268 323 326 332 333 340 357 376 381 389 398 406 407 410 440 443 460 465 508 519 522 540 557 560 572 595 601 617 640 651 661 670 671 673 675 683 686 704 707 712 715 716 739 775 780 789 806 808 830 835 843 845 852 853 865 867 869 874 876 877 909 915 921 931 941 963 986
 107
 19 22 54 58 59 61 67 77 79 83 101 109 119 120 131 133 141 155 161 166 171 173 190 192 195 196 206 208 254 267 276 284 286 288 308 309 314 315 329 341 343 354 362 367 381 382 391 403 408 415 417 420 441 450 456 459 464 467 471 489 507 518 521 528 533 552 556 590 597 604 606 609 624 640 641 662 663 667 673 696 711 719 732 744 778 795 814 815 846 847 849 853 876 882 895 900 911 920 922 934 947 973 976 982 984 986 992
 98
 9 20 23 26 30 41 45 52 75 89 96 110 117 133 145 156 163 167 171 174 181 193 203 212 218 237 254 259 264 274 276 285 305 312 324 340 396 405 409 411 420 424 433 447 451 475 482 505 510 514 516 520 521 525 526 543 551 553 556 565 566 575 582 583 606 618 651 670 672 679 687 692 694 698 701 705 725 740 747 748 764 773 776 793 800 805 821 830 842 871 890 892 914 933 935 936 968 977
 90
 4 9 12 52 62 66 68 73 76 85 98 117 121 130 134 143 157 205 212 215 220 237 246 251 256 292 308 315 318 323 333 338 358 392 395 415 419 421 429 452 459 472 483 521 523 531 552 553 555 561 567 570 578 600 608 610 631 639 656 658 662 684 691 757 769 784 787 805 856 867 870 879 889 933 948 954 955 956 958 963 966 967 972 982 983 988 989 990 992 993
 92
 31 41 49 51 61 73 86 90 91 92 101 146 153 155 182 221 222 223 230 232 238 239 244 246 255 258 275 283 292 297 316 325 338 344 364 376 392 398 405 436 437 451 455 466 490 493 495 505 507 514 517 525 528 554 575 588 591 603 604 609 611 624 646 655 679 689 712 723 725 728 748 762 763 776 781 794 809 816 818 824 848 849 857 868 885 895 896 898 940 944 958 992
 109
 29 46 53 55 56 59 71 78 79 82 86 92 121 130 139 157 177 178 186 187 192 194 214 218 236 243 267 288 293 302 306 310 314 321 338 345 357 362 371 379 396 397 401 449 450 463 491 493 496 510 520 526 545 558 569 574 582 594 600 604 615 624 625 633 634 642 645 648 666 676 685 694 706 720 725 736 740 745 747 782 790 803 808 809 811 813 814 822 825 826 833 853 859 875 889 899 903 909 912 917 930 948 953 961 967 969 973 976 990
 82
 17 39 75 93 103 113 123 126 131 136 152 160 165 172 183 206 214 235 247 270 275 281 287 320 323 347 353 356 360 372 378 380 382 385 420 437 482 504 528 534 538 596 610 622 626 639 660 668 683 699 700 711 714 723 741 771 780 784 791 798 805 813 824 825 826 827 840 846 850 855 865 866 875 883 892 922 938 957 975 982 985 1000
 97
 6 25 48 56 66 82 87 116 128 167 180 183 187 193 215 228 244 246 254 271 293 297 334 347 358 391 410 415 424 426 437 456 462 465 495 503 505 508 522 523 531 537 553 566 581 584 585 588 597 610 625 629 633 640 668 670 671 685 691 700 705 711 715 757 762 766 768 784 789 797 802 810 816 819 820 836 837 840 842 844 848 850 854 862 890 906 922 924 944 945 946 947 948 961 962 966 988
 83
 1 25 38 40 87 103 132 135 149 152 171 175 184 189 199 215 269 287 301 312 326 341 345 356 362 363 405 406 416 419 454 456 459 508 530 533 555 559 564 568 581 583 603 604 622 632 637 638 661 666 686 687 699 701 706 708 732 737 743 747 755 763 768 779 782 797 799 806 831 833 837 845 856 869 899 904 907 919 935 948 959 974 997
 79
 3 6 9 11 22 39 60 101 116 120 131 168 180 201 206 218 224 229 242 253 259 266 268 278 282 293 321 322 330 349 352 358 371 392 400 421 440 471 472 518 569 587 592 594 598 610 644 646 648 687 692 720 721 732 733 734 782 795 803 808 827 828 851 864 874 883 892 921 929 930 932 953 955 967 969 991 993 994 1000
 92
 1 33 35 36 50 66 117 123 128 142 151 161 170 177 183 185 186 204 229 233 261 267 272 284 287 293 306 321 329 339 344 346 348 354 360 370 378 383 388 398 404 406 437 444 462 466 467 493 495 499 515 554 577 583 587 589 593 604 639 649 655 657 685 706 708 713 717 721 722 743 755 766 777 779 783 810 818 821 823 857 879 895 919 924 934 935 937 948 952 954 958 992
 106
 1 5 15 16 34 37 45 46 47 53 64 89 97 114 115 136 153 163 178 185 191 194 201 212 226 229 231 234 235 237 257 276 285 297 307 323 330 339 356 362 364 371 375 385 392 421 424 445 450 462 476 485 491 493 501 504 521 528 536 541 550 551 552 553 555 557 574 578 594 607 612 614 620 623 625 628 642 645 646 653 661 663 669 690 701 718 727 762 771 778 794 796 800 804 832 833 864 866 867 880 911 931 942 954 955 977
 86
 15 17 38 51 53 57 59 68 74 76 95 135 138 149 152 154 168 188 201 202 224 226 256 277 307 308 325 332 340 367 377 378 387 404 422 428 441 472 486 490 493 508 516 530 534 574 575 597 613 641 652 658 660 666 671 674 685 693 702 719 726 730 783 790 793 794 816 828 849 854 863 880 883 895 899 918 923 925 934 961 962 971 974 978 981 982
 102
 10 26 38 49 69 70 73 95 105 117 126 135 157 174 179 189 192 196 199 204 216 219 223 253 254 256 258 290 300 304 337 344 346 359 362 364 376 388 394 398 400 414 417 434 443 451 453 500 522 537 547 549 557 559 564 570 587 599 600 605 612 618 620 648 658 670 700 702 720 726 728 730 731 735 753 759 760 761 765 767 769 776 778 783 848 857 867 873 875 895 905 918 931 935 939 951 962 965 967 970 986 989
 86
 3 4 35 61 64 66 68 69 85 93 111 145 164 186 188 190 204 205 206 217 238 258 267 281 299 304 317 321 361 367 413 424 425 434 445 464 485 503 522 523 533 564 566 569 570 577 586 608 652 653 657 661 669 679 680 683 685 701 702 716 719 722 724 737 758 802 805 813 823 854 863 871 889 902 905 906 914 922 924 945 948 951 971 974 979 999
 99
 8 12 24 29 37 41 44 46 60 69 79 87 96 123 143 156 164 168 170 182 188 192 198 201 207 241 256 261 272 282 284 288 323 339 388 405 406 411 416 421 422 430 434 458 459 463 476 511 525 533 540 546 566 569 570 576 595 600 606 617 618 631 636 638 642 644 688 690 695 702 718 724 725 750 753 773 774 775 786 788 797 803 807 814 816 817 820 832 833 843 875 888 893 917 935 946 967 981 993
 87
 10 16 27 37 44 45 54 72 83 136 138 143 150 155 158 162 164 182 186 193 220 228 263 307 327 328 334 339 342 378 389 395 410 418 428 431 433 440 441 452 465 486 490 502 505 515 521 535 550 554 556 582 614 626 642 653 668 673 674 683 697 699 721 740 752 761 783 804 805 833 834 850 855 865 890 904 905 913 922 929 931 950 979 989 991 998 999
 82
 3 17 62 66 81 92 98 100 117 191 196 197 220 225 233 250 251 279 280 284 293 334 336 348 369 371 374 376 380 386 401 428 430 449 462 466 474 479 497 502 505 531 536 553 573 597 625 626 627 634 641 661 668 675 695 702 713 719 732 760 765 774 780 783 794 812 829 832 833 842 845 846 849 853 873 885 913 916 939 944 961 963
 97
 95 103 132 133 138 148 155 158 171 173 180 188 201 248 256 265 266 291 301 305 306 309 313 317 326 331 339 356 369 371 384 398 400 406 442 446 454 461 463 465 485 506 515 529 530 533 541 545 557 566 583 591 592 605 606 611 615 621 626 627 628 629 630 640 644 660 664 674 676 690 712 719 722 749 762 767 778 779 796 815 833 836 837 856 861 871 874 876 904 907 916 917 921 951 970 976 994
 87
 2 5 8 12 42 52 54 107 109 116 133 149 171 175 176 196 201 248 249 258 265 284 288 299 304 323 337 345 358 377 383 384 415 437 443 446 447 457 477 486 488 493 495 516 539 543 550 564 569 573 575 582 598 606 609 645 649 673 678 681 726 732 746 750 752 756 765 774 790 797 815 825 826 841 844 853 858 904 915 923 927 936 939 958 960 978 1000
 95
 21 26 32 63 65 75 89 91 99 115 129 130 133 139 198 213 235 238 247 256 269 283 298 300 302 305 336 342 360 417 418 430 431 441 442 466 474 487 496 497 511 513 527 537 546 551 553 572 582 586 609 619 623 626 627 631 636 641 644 646 656 659 664 666 698 701 703 705 710 716 725 747 751 757 778 781 786 794 808 827 833 836 867 873 877 903 905 911 913 941 970 979 988 997 1000
 102
 3 15 16 20 38 43 47 59 67 76 87 89 115 120 123 127 163 164 168 177 180 202 203 208 218 221 245 247 250 264 277 283 290 294 305 310 312 319 326 330 338 360 367 395 398 412 434 441 442 446 454 458 466 467 472 489 490 503 510 519 520 523 553 573 579 583 613 620 621 624 642 649 662 684 686 706 708 709 712 726 728 732 734 740 745 755 774 782 784 817 818 831 843 851 861 862 894 902 907 911 923 934
 97
 2 9 26 52 57 59 76 78 109 112 115 124 126 130 153 165 174 176 199 207 220 232 235 244 250 257 261 262 287 288 291 301 316 321 347 352 370 395 404 410 411 427 434 455 458 479 499 508 514 535 542 543 546 557 559 562 573 584 590 591 599 604 608 614 645 648 650 655 658 689 694 715 718 734 753 755 768 775 792 794 808 814 819 820 828 857 860 866 867 872 911 927 932 969 971 975 987
 96
 7 17 31 34 56 61 65 72 77 83 103 140 161 179 196 212 219 241 255 259 267 282 294 308 313 315 330 356 373 393 405 409 413 414 433 436 447 449 451 462 472 475 489 503 504 514 516 517 521 525 532 538 545 561 579 587 602 621 626 629 634 640 650 653 656 662 673 691 692 696 701 709 710 711 725 737 760 761 764 805 811 812 813 817 847 857 859 900 908 917 933 954 955 980 983 993
 99
 1 3 5 8 11 53 55 59 63 78 84 89 92 93 97 100 101 120 126 139 144 146 163 172 177 200 209 210 218 220 230 254 257 274 281 291 299 309 317 325 371 379 389 393 417 421 426 432 434 436 471 473 486 513 522 527 545 548 552 555 561 563 592 593 598 619 620 627 641 643 644 650 683 697 703 719 722 747 748 759 760 764 803 805 838 839 841 847 853 864 867 900 905 912 926 952 956 957 979
 81
 11 26 76 85 97 98 100 111 129 133 147 177 184 197 216 253 260 287 288 346 386 390 395 399 405 437 446 450 461 468 470 488 493 499 511 515 527 541 553 560 579 586 593 605 621 627 636 657 664 667 671 672 674 676 695 702 709 720 721 725 758 759 769 771 797 814 817 831 839 842 856 865 878 909 937 940 941 943 964 977 980
 98
 13 16 30 38 55 66 78 96 104 137 140 141 146 147 150 162 199 204 212 219 223 227 244 250 262 264 266 287 292 297 305 326 330 353 354 377 386 398 408 415 428 435 481 502 504 506 513 538 545 568 576 591 599 601 604 606 639 643 644 655 663 684 691 697 699 701 717 731 742 755 770 785 793 797 799 800 804 810 843 848 872 873 881 888 892 905 917 920 928 944 946 967 979 987 991 992 998 1000
 93
 9 21 24 48 63 71 109 112 136 137 143 156 174 182 208 221 228 244 252 259 265 267 269 272 293 317 323 328 336 356 371 374 391 412 425 430 434 441 461 471 472 480 483 488 506 523 527 550 555 559 568 610 614 617 620 630 640 655 656 657 674 690 692 704 739 742 746 758 759 766 781 787 800 820 832 833 852 877 878 895 902 907 920 933 942 957 964 965 968 975 978 983 996
 87
 24 26 47 48 53 78 89 116 131 132 139 150 153 184 193 195 204 220 227 229 246 253 254 260 263 267 269 286 287 288 293 294 306 308 322 332 356 387 418 427 471 496 504 520 530 548 558 563 570 589 591 602 609 621 642 650 656 669 674 686 720 723 728 735 743 761 769 780 792 803 822 863 885 890 910 922 945 946 948 951 960 968 969 972 982 986 1000
 107
 14 22 23 33 35 48 62 63 72 79 82 88 92 99 105 106 114 118 146 156 160 163 167 184 186 206 208 210 211 239 248 251 258 270 278 281 309 313 332 341 343 345 351 353 357 363 385 393 413 428 433 440 466 470 471 484 486 495 496 499 503 529 549 559 562 567 584 610 614 617 643 659 676 681 683 693 707 710 741 747 748 760 781 786 793 794 807 829 844 857 872 873 875 878 885 890 896 897 900 904 941 959 962 974 983 984 998
 91
 8 16 18 19 21 31 46 55 74 80 88 107 135 148 168 176 181 186 192 199 203 209 246 250 254 270 277 280 282 306 310 318 319 346 359 372 374 394 414 427 436 447 449 456 461 471 478 505 521 544 561 577 600 620 625 628 632 633 653 659 671 685 708 716 720 732 739 763 769 770 786 816 833 837 850 858 866 873 890 894 897 899 902 904 905 922 926 943 959 972 976
 115
 1 12 28 38 40 44 52 53 67 68 93 104 107 111 119 124 132 140 150 153 163 172 178 181 189 194 197 200 233 235 236 270 276 296 309 348 380 381 399 403 406 420 441 457 460 466 467 481 526 529 532 535 537 557 566 569 580 583 601 604 605 607 612 625 627 635 637 638 640 648 654 656 663 682 683 706 710 713 722 728 733 735 738 739 752 759 760 769 770 773 776 782 794 795 799 800 802 811 822 827 831 833 835 848 868 880 885 919 922 924 943 956 960 989 997
 97
 3 7 8 16 21 28 41 60 77 80 84 88 99 100 103 116 118 121 128 143 178 204 213 222 238 248 250 253 266 282 307 309 317 324 325 333 349 352 366 369 386 412 434 435 440 454 460 503 510 530 533 545 552 554 582 617 618 622 637 638 644 678 681 687 690 735 742 751 758 797 799 807 810 811 813 836 837 843 847 848 853 854 859 887 893 904 916 923 925 936 948 956 971 981 985 986 995
 86
 5 15 22 47 64 73 77 84 99 118 123 134 141 157 158 159 178 184 195 197 208 210 221 229 235 242 243 251 252 268 290 305 330 344 348 349 361 381 384 390 392 426 452 481 512 524 537 576 593 601 614 626 634 641 658 705 710 714 720 721 723 778 783 802 814 839 842 850 855 860 869 878 903 905 913 939 940 943 946 947 952 954 963 968 976 988
 94
 3 14 19 25 26 29 47 50 56 94 100 104 108 121 160 169 171 177 188 193 203 208 210 223 225 228 233 248 267 292 298 303 305 311 329 332 333 340 343 345 367 385 429 444 482 509 511 536 538 539 546 549 556 566 581 586 598 602 605 609 610 623 632 640 651 656 664 682 684 698 703 711 724 727 745 758 769 773 791 795 815 830 835 842 845 854 863 879 885 902 912 938 989 992
 87
 11 13 14 23 25 27 36 44 46 66 78 85 106 134 138 151 163 173 187 190 223 227 230 234 238 250 288 321 340 345 348 357 368 381 392 396 436 451 459 507 509 512 539 542 547 559 560 573 576 596 597 604 627 636 663 667 672 687 699 700 726 735 737 761 766 808 816 820 823 829 841 844 847 851 857 859 873 886 891 919 934 936 948 953 958 978 993
 84
 24 37 39 56 64 70 78 89 92 93 98 104 105 121 148 169 175 180 215 221 223 228 231 233 237 250 266 281 316 323 331 356 357 371 379 382 385 386 397 398 400 414 415 428 429 446 454 455 493 528 529 534 591 594 614 622 624 627 641 688 714 719 725 726 751 763 768 771 784 793 804 811 830 874 875 880 899 938 954 963 964 977 992 995
 97
 2 12 27 37 49 56 60 63 66 67 89 91 106 108 109 120 124 141 152 159 178 183 185 222 243 248 255 257 280 288 297 308 313 361 364 370 376 379 386 404 432 433 441 445 451 469 475 477 487 493 494 509 552 554 558 561 567 592 595 598 602 628 656 661 676 688 694 714 721 723 725 729 738 749 760 802 807 827 828 850 855 860 865 870 890 901 916 920 921 925 927 928 941 966 969 979 985
 109
 26 27 29 31 33 34 56 59 65 70 80 82 85 100 104 127 129 135 143 164 170 173 178 188 227 247 248 258 260 263 312 323 325 329 360 379 380 389 391 406 415 416 422 423 425 428 440 455 463 477 486 488 496 515 517 524 548 551 552 554 557 563 576 582 584 588 597 616 625 635 650 653 665 680 683 705 732 733 752 753 760 776 804 807 814 822 835 843 845 847 858 863 883 886 893 894 899 911 916 919 929 932 933 954 956 961 964 988 998
 98
 21 29 33 54 60 61 68 74 77 79 113 137 149 164 185 191 198 200 212 217 231 242 244 246 257 261 265 271 281 298 304 309 310 313 321 328 332 355 365 366 376 381 396 420 436 440 442 453 460 462 479 489 508 519 524 526 538 546 548 549 559 578 595 655 657 663 667 678 684 690 695 725 729 744 751 752 755 758 770 778 794 801 829 835 841 851 860 865 877 890 910 914 940 957 967 972 973 984
 100
 1 12 22 29 52 55 81 89 91 92 95 98 110 128 155 164 196 201 208 209 211 219 231 235 242 258 273 278 303 338 356 369 377 383 393 402 406 410 411 415 424 427 430 434 438 439 443 449 469 471 476 483 515 523 532 548 563 585 597 614 630 640 643 653 659 670 683 690 693 696 704 709 712 716 723 726 735 738 749 766 767 783 784 788 791 803 820 850 893 898 907 916 921 922 923 934 936 954 956 976
 92
 7 9 17 31 38 40 41 56 57 60 71 106 117 130 132 149 165 186 192 201 232 248 249 266 267 273 288 296 301 322 371 377 380 382 384 385 395 399 406 428 442 446 455 456 458 510 522 541 548 549 552 553 555 579 580 581 583 602 614 616 670 675 707 710 720 737 738 740 750 762 769 780 795 810 816 834 856 860 870 887 897 903 904 918 923 934 936 941 952 972 974 990
 87
 4 39 43 50 51 81 82 84 102 110 120 158 162 163 170 210 218 223 225 234 249 263 269 288 293 308 310 324 343 345 357 396 411 415 420 436 441 443 445 470 492 497 498 499 568 574 580 610 611 613 624 639 647 662 708 714 716 729 732 734 753 763 775 777 809 814 817 818 823 831 836 849 851 861 863 883 903 917 937 938 943 945 953 956 959 970 971
 79
 7 15 22 32 36 80 99 120 132 135 136 167 179 186 188 195 258 271 291 296 300 317 319 320 332 341 345 351 359 363 367 370 375 379 400 408 422 426 427 441 451 467 468 474 476 481 495 500 522 531 585 619 639 675 690 705 708 739 774 795 796 828 836 848 866 880 885 887 896 900 907 923 930 939 970 972 976 988 992
 105
 3 24 33 38 49 77 83 94 95 105 149 150 152 183 187 213 215 249 263 266 276 280 285 304 306 323 341 349 358 364 369 375 380 385 388 392 395 408 433 442 452 459 467 480 496 514 525 530 565 567 582 584 594 597 602 616 631 634 635 648 654 656 666 667 670 673 688 693 697 717 720 729 735 740 743 745 746 751 774 775 778 788 790 800 803 831 838 844 852 868 869 873 880 884 892 893 894 903 923 929 940 948 961 983 994
 100
 2 8 10 11 19 28 52 55 63 66 67 79 82 83 84 89 103 150 155 176 178 182 197 198 212 225 231 239 244 260 301 303 313 341 348 360 373 376 385 399 403 411 429 446 447 448 456 470 471 473 474 510 515 529 533 541 544 548 553 564 581 600 617 619 622 636 642 658 665 678 691 695 708 747 751 781 784 795 802 807 818 825 843 846 862 869 873 876 879 883 898 910 912 925 937 968 969 974 975 992
 98
 11 14 23 30 59 64 83 87 93 101 121 124 126 139 143 156 164 168 193 199 221 233 258 271 276 294 308 320 342 344 345 365 380 387 391 396 401 402 418 425 428 434 447 495 497 507 509 511 536 538 540 558 563 567 569 577 596 597 607 608 619 634 641 668 677 678 697 716 717 728 733 748 752 758 761 770 799 806 807 822 824 826 829 837 838 841 847 875 900 910 913 936 938 963 990 992 997 998
 100
 34 35 41 44 49 61 83 85 88 118 122 148 163 166 186 193 198 218 221 222 243 249 264 279 285 286 290 291 299 302 307 311 320 323 328 341 355 368 370 375 390 408 433 439 475 484 501 504 506 520 542 558 567 573 576 589 618 623 634 640 645 648 654 659 670 677 684 700 711 721 726 737 752 756 760 761 766 772 773 789 792 801 812 814 848 859 860 864 892 901 906 918 919 924 925 926 958 967 980 981
 93
 2 6 9 28 30 63 65 74 85 121 127 130 131 143 169 173 174 181 216 256 264 265 267 274 291 296 305 306 310 320 323 328 333 351 374 399 442 448 457 481 495 498 516 521 522 524 533 538 542 564 576 580 584 612 616 645 673 682 683 684 686 701 710 722 725 727 733 737 747 749 756 764 768 774 776 794 801 803 804 805 815 817 828 866 886 903 913 936 947 954 957 958 961
 96
 43 62 65 67 75 85 93 97 98 101 126 129 141 153 157 158 185 187 195 203 209 227 230 239 241 251 281 294 298 335 346 347 352 372 385 386 409 428 458 466 469 473 478 496 497 501 502 517 523 524 526 530 535 554 575 595 597 600 603 617 623 653 697 704 712 724 732 739 744 754 756 759 766 772 775 799 812 819 824 838 875 891 900 901 903 911 914 928 931 935 942 949 950 964 988 996
 102
 5 17 19 26 37 44 49 80 82 91 98 105 108 125 136 142 172 174 176 180 206 219 221 240 242 264 291 297 319 331 340 361 364 365 371 373 376 403 408 412 414 415 420 423 446 450 454 476 507 509 521 525 529 536 537 543 570 578 580 594 596 625 628 633 640 692 693 706 713 730 734 737 741 755 762 771 774 781 791 795 818 823 828 830 839 859 862 868 885 893 898 917 927 930 938 943 951 952 953 959 960 977
 102
 33 53 58 73 76 97 109 116 126 141 143 152 154 177 178 186 187 207 210 213 217 225 243 247 261 263 264 279 302 303 313 316 323 327 329 330 332 342 348 374 394 398 415 421 456 464 482 484 487 500 515 521 525 529 540 553 558 560 566 574 586 604 611 624 643 647 654 661 693 710 725 746 763 771 775 783 784 801 802 818 824 829 834 837 840 848 850 858 860 876 882 889 900 903 924 925 930 948 951 975 990 999
 105
 7 20 22 32 39 41 45 48 68 74 77 109 135 165 170 186 191 197 211 219 244 249 255 256 259 263 268 269 270 288 314 328 330 334 340 350 351 363 380 383 386 398 408 413 420 441 457 467 495 503 505 512 542 569 570 576 588 597 599 604 608 610 613 623 627 642 648 670 683 688 692 733 736 743 747 750 759 760 761 766 779 795 814 827 828 834 839 842 849 860 861 863 869 893 906 924 926 927 928 938 955 960 973 975 981
 78
 2 7 14 27 58 68 91 98 143 148 164 170 214 234 238 241 264 265 291 293 305 319 320 324 325 335 373 380 381 391 425 449 452 488 492 496 501 518 531 560 568 591 593 597 598 606 607 635 641 651 657 673 674 702 703 728 732 735 748 751 754 755 757 760 771 828 849 864 866 878 881 898 937 967 969 976 984 992
 95
 11 16 45 46 47 49 66 71 82 99 108 111 130 134 141 147 166 168 188 198 199 224 241 243 246 262 269 285 289 294 305 309 322 326 327 329 347 352 353 387 411 420 422 434 492 494 502 504 508 516 534 539 554 568 575 579 587 613 622 642 649 683 690 716 718 734 737 744 759 769 772 784 787 807 852 858 864 865 867 871 880 883 884 890 892 910 918 919 923 925 931 943 949 968 980
 82
 11 31 32 38 80 86 90 95 98 132 134 141 177 192 194 208 216 231 235 250 251 258 286 302 325 345 350 353 359 363 397 410 414 442 445 487 517 518 535 536 569 580 590 591 609 614 618 627 631 641 642 643 648 669 684 699 720 743 763 765 773 788 792 805 813 825 831 851 873 879 882 905 910 938 949 950 951 956 961 978 989 994
 92
 8 13 22 29 30 36 59 64 71 73 96 104 121 129 142 164 168 171 198 199 219 237 243 247 249 252 267 291 292 300 310 313 319 325 334 343 345 363 382 399 400 405 411 429 440 444 451 452 461 463 490 505 544 553 580 617 622 645 647 652 662 674 686 696 705 710 712 733 736 750 753 758 770 786 787 802 807 821 826 831 832 833 841 876 884 920 960 965 970 976 982 990
 97
 43 55 65 75 80 97 104 111 117 120 127 164 167 182 203 219 234 246 254 288 292 315 319 321 351 352 362 371 373 390 391 395 398 399 418 420 438 453 461 478 488 516 556 558 559 560 564 565 567 588 590 599 602 604 607 618 635 651 654 656 663 670 691 697 703 709 739 750 754 759 769 770 774 779 783 790 815 817 834 844 845 873 877 893 905 906 911 912 918 941 943 952 960 965 968 976 991
 101
 1 7 26 27 49 100 124 165 181 182 204 205 211 212 218 225 228 242 245 251 252 261 266 271 277 281 284 297 306 311 322 342 358 359 361 379 381 382 388 395 413 416 417 428 436 457 459 470 473 484 494 511 515 524 529 530 536 551 560 563 569 570 575 584 587 613 660 679 695 711 714 718 720 729 734 740 747 753 757 783 786 788 815 828 854 862 868 869 885 906 911 914 927 933 942 945 946 949 955 959 991
 96
 5 9 11 23 30 47 50 57 63 72 74 78 94 97 101 115 123 124 144 153 158 205 242 251 257 299 304 312 316 320 326 327 328 333 339 352 357 358 363 393 450 455 465 470 481 487 489 498 500 510 519 523 549 556 583 587 588 597 614 618 623 625 626 634 637 642 672 678 691 697 702 707 708 717 722 739 752 771 795 798 805 810 819 823 827 829 846 864 872 881 895 912 928 931 966 990
 92
 9 17 24 26 32 37 41 60 78 80 85 97 103 122 132 144 147 179 185 202 212 240 252 254 259 273 286 298 335 343 356 375 399 409 410 419 435 451 454 470 479 487 494 512 518 544 554 567 575 582 592 593 624 639 656 664 668 676 679 686 695 699 726 727 735 745 755 764 772 777 813 843 852 858 861 865 871 884 888 893 939 942 951 955 964 966 975 978 981 995 996 999
 96
 5 14 19 21 39 41 58 82 92 96 108 114 119 123 138 142 152 164 170 185 189 194 195 200 208 212 218 237 255 263 265 278 301 314 335 344 347 348 350 355 358 362 365 380 382 390 410 411 412 422 426 434 437 459 460 493 506 533 537 543 544 551 553 562 583 590 597 609 612 620 662 674 675 681 682 699 707 721 767 773 788 803 832 838 844 860 873 875 893 908 915 924 943 953 975 998
 81
 4 6 31 56 60 70 71 72 78 106 127 158 172 180 184 194 226 241 293 302 307 319 343 348 358 385 387 415 421 454 467 471 473 479 496 508 524 530 537 538 546 565 568 591 592 595 606 613 622 626 644 672 677 691 699 742 769 779 788 794 808 826 833 837 839 844 869 892 902 911 922 935 943 945 946 967 969 970 972 980 1000
 115
 2 7 20 21 23 32 43 50 73 86 106 119 127 141 157 169 177 185 209 214 261 271 272 284 291 298 301 304 313 319 326 332 334 339 342 352 365 377 388 393 401 411 417 423 430 436 453 461 473 489 494 529 531 537 539 546 555 565 568 573 576 588 597 603 612 615 625 628 639 648 653 656 673 677 679 713 720 724 725 734 739 741 744 755 760 764 765 768 785 787 793 797 802 803 813 816 831 834 851 852 856 865 874 880 888 905 912 914 925 955 956 968 975 988 994
