2
 10   100
   29   54   82   28   35   17   11   39   44   59
   51   21    2   13   91   63   57   83   74   98
   38   32   92   53   20   27   62   63   69   95
    6   84   35   90   77   24   71   33   70   27
   57   87   85   98   30   49   97   65   31   93
   63   13   67   66   14   56   69   81   93   79
   24   83   58  100   90   82   57   52   82   51
   93    9   17   29   50   39   90   11    5    9
   86   98   17   94   65   93   85   68   77   23
   95   94   40   64   45   38   13   34   86    9
    9   86   34   13   38   45   64   40   94   95
   23   77   68   85   93   65   94   17   98   86
    9    5   11   90   39   50   29   17    9   93
   51   82   52   57   82   90  100   58   83   24
   79   93   81   69   56   14   66   67   13   63
   93   31   65   97   49   30   98   85   87   57
   27   70   33   71   24   77   90   35   84    6
   95   69   63   62   27   20   53   92   32   38
   98   74   83   57   63   91   13    2   21   51
   59   44   39   11   17   35   28   82   54   29
 23
 5 7 14 15 17 24 38 39 41 43 48 67 70 77 80 82 84 85 88 92 96 98 99
 22
 2 5 8 14 15 19 23 26 27 31 42 46 47 50 51 56 57 59 65 78 83 91
 16
 3 10 18 29 30 35 40 54 55 58 63 72 74 85 95 98
 29
 9 10 11 13 17 19 20 25 30 36 45 50 56 57 59 62 66 67 69 74 78 81 86 87 90 91 93 97 100
 21
 1 4 16 17 18 20 21 23 27 33 34 36 45 47 57 62 71 77 81 87 94
 16
 2 3 6 7 12 15 28 35 38 44 60 66 68 69 71 94
 15
 34 37 39 43 51 53 54 60 64 65 73 76 83 89 92
 15
 8 9 16 19 30 32 37 41 52 64 75 81 86 91 99
 18
 12 22 24 25 32 33 35 36 44 46 50 51 53 61 62 63 71 82
 19
 10 20 21 42 44 47 48 49 54 58 59 60 68 69 79 84 89 90 93
