2
 40   400
  199  199  199  199  199  199  199  199  199  199
  199  199  199  199  199  199  199  199  199  199
  199  199  199  199  199  199  199  199  199  194
  194  194  194  194  194  194  194  194  194  194
  194  194  194  194  194  194  194  194  194  194
  194  194  194  194  194  194  194  194  194  194
  194  194  194  194  194  194  194  194  194  194
  194  194  194  194  194  194  194  194  194  194
  194  194  194  194  194  194  194  194  194  194
  194  194  194  194  194  194  194  194  194  194
  194  194  194  194  194  194  194  194  194  194
  194  194  194  194  194  194  194  194  194  194
  194  194  194  194  194  194  194  194  194  194
  194  194  194  194  194  194  194  194  194  194
  194  194  194  194  194  194  194  194  194  325
  325  325  325  325  325  325  325  325  325  325
  325  325  325  325  325  325  325  325  325  325
  325  325  325  325  325  325  325  325  325  325
  325  325  325  325  325  325  325  325  325  325
  325  325  325  325  325  325  325  325  325  325
  325  325  325  325  325  325  325  325  325  325
  325  325  325  325  325  325  325  325  325  325
  325  325  325  325  325  325  325  325  325  325
  325  325  325  325  325  325  325  325  325  325
  325  325  325  325  325  325  325  325  325  325
  325  325  325  325  325  325  325  325  325  325
  325  325  325  325  325  325  325  325  325  179
  179  179  179  179  179  179  179  179  213  213
  213  213  213  213  213  213  213  213  213  213
  213  213  213  213  213  213  213  213  213  213
  213  213  213  213  213  213  213  281  281  281
  281  281  281  281  281  281  281  281  281  281
  281  281  281  281  281  281  281  281  387  387
  387  387  387  387  387  387  387  387  387  387
  387  387  387  387  387  387  387  387  387  387
  387  387  387  387  387  387  387  387  387  387
  387  387  387  387  387  387  387  134  134  132
  132  132  132  132  132  132  132  132  132  132
  132  132  132  132  132  132  132  132  132  132
  132  132  132  132  132  132  132  132  132  132
  132  132  132  132  132  132  132  132  132  132
  132  132  132  132  132  132  132  132  132  132
  132  132  132  132  132  132  132  132  132  132
  132  134  134  387  387  387  387  387  387  387
  387  387  387  387  387  387  387  387  387  387
  387  387  387  387  387  387  387  387  387  387
  387  387  387  387  387  387  387  387  387  387
  387  387  281  281  281  281  281  281  281  281
  281  281  281  281  281  281  281  281  281  281
  281  281  281  213  213  213  213  213  213  213
  213  213  213  213  213  213  213  213  213  213
  213  213  213  213  213  213  213  213  213  213
  213  213  179  179  179  179  179  179  179  179
  179  325  325  325  325  325  325  325  325  325
  325  325  325  325  325  325  325  325  325  325
  325  325  325  325  325  325  325  325  325  325
  325  325  325  325  325  325  325  325  325  325
  325  325  325  325  325  325  325  325  325  325
  325  325  325  325  325  325  325  325  325  325
  325  325  325  325  325  325  325  325  325  325
  325  325  325  325  325  325  325  325  325  325
  325  325  325  325  325  325  325  325  325  325
  325  325  325  325  325  325  325  325  325  325
  325  325  325  325  325  325  325  325  325  325
  325  325  325  325  325  325  325  325  325  325
  325  194  194  194  194  194  194  194  194  194
  194  194  194  194  194  194  194  194  194  194
  194  194  194  194  194  194  194  194  194  194
  194  194  194  194  194  194  194  194  194  194
  194  194  194  194  194  194  194  194  194  194
  194  194  194  194  194  194  194  194  194  194
  194  194  194  194  194  194  194  194  194  194
  194  194  194  194  194  194  194  194  194  194
  194  194  194  194  194  194  194  194  194  194
  194  194  194  194  194  194  194  194  194  194
  194  194  194  194  194  194  194  194  194  194
  194  194  194  194  194  194  194  194  194  194
  194  199  199  199  199  199  199  199  199  199
  199  199  199  199  199  199  199  199  199  199
  199  199  199  199  199  199  199  199  199  199
 20
 13 35 41 46 68 78 116 123 157 171 208 224 227 238 268 280 290 314 319 342
 24
 18 47 52 61 83 142 159 178 181 223 228 241 257 275 279 283 290 297 312 332 336 359 379 389
 26
 27 63 85 87 89 117 132 145 164 172 179 188 201 204 210 217 277 278 279 314 336 340 344 366 380 386
 19
 28 75 83 102 118 154 165 202 220 232 308 329 332 341 343 360 361 378 397
 18
 3 25 89 96 125 127 129 168 174 176 215 289 295 323 358 374 387 391
 24
 8 36 52 55 95 115 133 148 149 208 216 261 281 300 305 310 318 326 327 342 345 369 370 372
 21
 2 4 42 58 86 95 99 147 151 173 183 184 204 209 229 236 238 271 321 327 337
 24
 2 14 26 64 77 94 103 115 116 128 167 175 203 218 227 245 246 247 287 294 295 310 322 358
 27
 8 14 26 45 65 67 86 90 93 124 132 141 163 176 221 224 244 270 278 300 317 342 348 354 382 392 393
 22
 11 34 44 64 81 88 98 126 136 139 150 161 164 178 250 255 266 269 317 358 361 369
 14
 20 57 96 97 143 148 243 260 265 291 330 346 373 395
 25
 24 37 51 54 56 91 92 98 104 172 181 192 206 229 240 254 255 267 273 281 306 320 338 357 364
 23
 33 35 37 38 60 79 120 135 150 154 164 180 191 208 216 249 251 272 283 293 309 328 387
 35
 1 7 8 12 45 72 74 77 79 117 118 121 137 142 144 153 169 174 177 186 196 199 200 226 242 245 272 286 290 319 346 352 353 356 397
 27
 23 30 32 55 69 89 101 115 132 156 162 177 190 197 234 236 239 277 304 326 349 357 360 363 394 395 399
 26
 19 29 54 65 136 140 152 163 189 195 199 207 221 240 247 251 263 268 299 345 348 361 368 378 385 394
 21
 7 31 44 55 63 67 87 125 138 146 158 214 265 285 301 305 317 338 339 343 353
 30
 20 30 34 37 41 61 66 135 137 151 155 159 161 175 176 177 185 187 192 226 235 249 269 298 316 331 340 362 382 399
 24
 32 37 48 53 72 79 107 166 183 190 212 229 235 244 269 289 296 324 335 367 372 374 389 396
 26
 10 22 30 37 40 53 71 76 90 97 114 121 128 242 248 288 292 299 320 329 347 350 352 356 363 381
 27
 6 17 21 22 49 50 59 64 69 78 98 122 153 166 185 217 219 223 225 226 234 267 309 320 323 360 391
 24
 2 24 53 65 67 72 80 87 90 94 129 135 215 233 256 259 296 311 334 339 355 377 385 390
 16
 15 23 51 75 84 106 119 120 123 140 186 189 230 271 284 322
 28
 33 47 70 85 100 101 105 138 143 163 182 187 206 214 215 220 222 267 344 366 374 376 378 384 388 390 392 396
 27
 21 25 26 29 40 57 68 100 104 112 119 167 169 171 191 205 231 242 280 293 294 296 303 330 337 348 384
 23
 5 121 133 144 151 152 155 170 201 203 205 207 222 241 253 266 272 282 285 325 352 358 365
 23
 19 39 46 70 82 149 165 171 180 193 213 214 262 268 274 275 307 313 321 334 354 355 398
 35
 18 35 36 43 81 99 106 109 110 111 122 150 152 169 182 189 190 219 232 241 252 264 270 282 287 304 310 324 356 364 367 370 393 396 400
 25
 6 15 16 80 108 139 147 148 161 178 185 200 212 213 216 218 223 225 236 250 254 326 351 359 365
 26
 59 73 82 100 105 118 134 141 180 207 235 237 245 246 257 260 284 300 303 313 315 325 347 349 354 386
 18
 43 58 71 113 133 144 186 198 221 230 231 306 318 334 351 368 375 379
 20
 4 9 36 37 49 84 162 188 196 212 230 243 250 252 259 263 302 312 315 328
 15
 12 14 92 93 126 130 146 179 194 195 211 225 237 302 377
 21
 9 15 16 31 60 81 110 114 127 130 131 160 173 206 210 228 264 292 341 353 366
 20
 5 10 16 62 66 91 105 108 113 156 184 191 249 253 258 307 357 363 364 371
 24
 21 39 42 63 69 70 107 112 120 153 157 182 194 222 230 253 273 274 288 291 321 349 362 394
 27
 1 11 13 28 48 56 86 99 125 155 157 158 220 239 246 248 256 262 276 297 315 316 336 355 375 383 400
 32
 38 41 50 58 71 88 102 103 110 131 134 158 167 168 170 192 193 202 210 227 237 260 293 298 301 319 335 376 380 383 384 399
 23
 39 64 76 88 109 112 119 145 202 209 211 219 256 258 261 276 294 311 331 333 359 379 388
 21
 3 17 27 62 73 74 111 124 160 183 197 198 233 286 308 333 344 350 367 373 376
