2
 100   1000
   58   58   58   58   58   58   58   58   58   58
   58   58   58   58   58   58   58   58   58   58
   58   58   58   58   58   58   58   58   58   58
   58   58   58   58   58   58   58   58   58   58
   58   58   58   58   58   58   58   58   58   58
   58   58   58   58   58   58   58   58   58   58
   58   58   58   58   58   58   58   58   58   58
   58   58   58   58   58   58   58   58   58   58
   58   58   58   58  369  369  369  369  369  369
  369  369  369  369  369  369  369  369  369  369
  369  369  369  369  369  369  369  369  369  369
  369  369  369  369  369  369  369  369  369  369
  369  369  369  369  369  369  369  369  369  369
  369  369  369  369  369  369  369  369  369  369
  369  369  369  369  369  369  369  369  369  369
  369  369  369  369  369  369  369  369  369  369
  369  369  369  369  369  369  369  369  369  369
  369  369  369  369  369  369  369  369  369  369
  369  369  369  369  369  369  369  369  369  369
  369  369  369  369  369  369  369  369  369  369
  369  369  369  369  369  369  369  369  369  369
  369  369  369  369  369  369  369  369  369  369
  369  369  369  369  369  369  369  369  369  369
  369  369  369  369  369  369  369  369  369  369
  369  369  369  369  369  369  369  369  369  369
  369  369  369  369  369  369  369  369  369  369
  369  369  369  369  369  369  369  369  369  369
  369  369  369  369  369  369  369  369  369  369
  369  369  369  369  369  369  369  369  369  369
  369  369  369  369  369  369  369  369  369  369
  369  369  369  369  369  369  369  369  369  369
  369  369  369  369  369  369  369  369  369  369
  369  369  369  369  369  369  369  369  369  369
  369  369  369  369  369  369  369  369  369  369
  369  369  369  369  369  369  369  369  369  369
  369  369  369  369  369  369  369  369  369  369
  369  369  369  369  369  369  369  369  369  369
  369  369  369  369  369  369  369  369  369  369
  369  369  369  369  369  369  369  369  369  369
  369  369  369  369  369  369  369  369  369  369
  369  369  369  369  369  369  369  369  369  369
  369  369  369  369  369  369  369  369  369  369
  369  369  369  369  369  369  369  369  369  369
  369  369  369  369  369  369  369  369  369  369
  369  369  369  369  369  369  369  369  369  369
  369  369  369  369  369  369  369  369  369  369
  369  369  369  369  369  369  369  369  369  369
  369  369  369  369  369  369  369  369  369  369
  369  369  369  369  369  369  369  369  369  369
  369  369  369  369  369  369  369  369  369  369
  369  369  369  369  369  369  369  369  369  369
  369  369  369  369  369  369  369  369  369  369
  369  369  369  369  369  369  369  369  369  369
  369  369  369  369  369  369  369  369  369  369
  369  369  369  369  369  369  369  369  369  369
  369  369  369  369  369  369  369  369  369  369
  369  369  369  369  369  369  369  369  369  369
  369  369  369  369  369  369  369  369  369  369
  369  369  369  369  369  369  369  369  369  369
  369  369  369  369  369  369  369  369  369  369
  369  369  369  369  369  369  369  369  369  369
  369  369  369  369  369  369  369  369  369  369
  369  369  369  369  369  369  369  369  369  369
  369  369  369  369  369  369  369  369  369  369
  369  369  369  369  369  369  369  369  369  369
  369  369  369  369  369  369  369  369  369  369
  369  369  369  369  369  369  369  369  369  369
  369  369  369  369  369  369  369  369  369  369
  369  369  369  369  369  369  369  369  369  369
  369  369  369  369  369  369  369  369  369  369
  369  369  369  369  369  369  369  369  369  369
  369  369  369  369  369  369  369  369  369  369
  369  369  369  369  369  369  369  369  369  369
  369  369  369  369  369  369  369  369  369  369
  369  369  369  369  369  369  369  369  369  369
  369  369  369  369  369  369  369  369  369  369
  369  369  369  369  369  369  369  369  369  369
  369  369  369  369  369  369  369  369  369  369
  369  369  369  369  369  369  369  369  369  369
  369  369  369  369  369  369  369  369  369  369
  369  369  369  369  369  369  369  369  369  369
  369  369  369  369  369  369  369  369  369  369
  369  369  369  369  369  369  369  369  369  369
  369  369  369  369  369  369  369  369  369  369
  369  369  369  369  369  369  369  369  369  369
  369  369  369  369  369  369  369  369  369  369
  369  369  369  369  369  369  369  369  369  369
  369  369  369  369  369  369  369  369  369  369
  369  369  369  369  369  369  369  369  369  369
  369  369  369  369  369  369  369  369  369  369
  369  369  369  369  369  369  369  369  369  369
  369  369  369  369  369  369  369  369  369  369
  369  369  369  369  369  369  369  369  369  369
  369  369  369  369  369  369  369  369  369  369
  369  369  369  369  369  369  369  369  369  369
  369  369  369  369  369  369  369  369  369  369
  369  369  588  588  588  588  588  588  588  588
  588  588  588  588  588  588  588  588  588  588
  588  588  588  588  588  588  588  588  588  588
  588  588  588  588  588  588  588  588  588  588
  588  588  588  588  588  588  588  588  588  588
  588  588  588  588  588  588  588  588  588  588
  588  588  588  588  588  588  588  588  588  588
  588  588  588  588  588  588  588  588  369  369
  369  369  369  369  369  369  369  369  369  369
  369  369  369  369  369  369  369  369  369  369
  369  369  369  369  369  369  369  369  369  369
  369  369  369  369  369  369  369  369  369  369
  369  369  369  369  369  369  369  369  369  369
  369  369  369  369  369  369  369  369  369  369
  369  369  369  369  369  369  369  369  369  369
  369  369  369  369  369  369  369  369  369  369
  369  369  369  369  369  369  369  369  369  369
  369  369  369  369  369  369  369  369  369  369
  369  369  369  369  369  369  369  369  369  369
  369  369  369  369  369  369  369  369  369  369
  369  369  369  369  369  369  369  369  369  369
  369  369  369  369  369  369  369  369  369  369
  369  369  369  369  369  369  369  369  369  369
  369  369  369  369  369  369  369  369  369  369
  369  369  369  369  369  369  369  369  369  369
  369  369  369  369  369  369  369  369  369  369
  369  369  369  369  369  369  369  369  369  369
  369  369  369  369  369  369  369  369  369  369
  369  369  369  369  369  369  369  369  369  369
  369  369  369  369  369  369  369  369  369  369
  369  369  369  369  369  369  369  369  369  369
  369  369  369  369  369  369  369  369  369  369
  369  369  369  369  369  369  369  369  369  369
  369  369  369  369  369  369  369  369  369  369
  369  369  369  369  369  369  369  369  369  369
  369  369  369  369  369  369  369  369  369  369
  369  369  369  369  369  369  369  369  369  369
  369  369  369  369  369  369  369  369  369  369
  369  369  369  369  369  369  369  369  369  369
  369  369  369  369  369  369  369  369  369  369
  369  369  369  369  369  369  369  369  369  369
  369  369  369  369  369  369  369  369  369  369
  369  369  369  369  369  369  369  369  369  369
  369  369  369  369  369  369  369  369  369  369
  369  369  369  369  369  369  369  369  369  369
  369  369  369  369  369  369  369  369  369  369
  369  369  369  369  369  369  369  369  369  369
  369  369  369  369  369  369  369  369  369  369
  369  369  369  369  369  369  369  369  369  369
  369  369  369  369  369  369  369  369  369  369
  369  369  369  369  369  369  369  369  369  369
  369  369  369  369  369  369  369  369  369  369
  369  369  369  369  369  369  369  369  369  369
  369  369  369  369  369  369  369  369  369  369
  369  369  369  369  369  369  369  369  369  369
  369  369  369  369  369  369  369  369  369  369
  369  369  369  369  369  369  369  369  369  369
  369  369  369  369  369  369  369  369  369  369
  369  369  369  369  369  369  369  369  369  369
  369  369  369  369  369  369  369  369  369  369
  369  369  369  369  369  369  369  369  369  369
  369  369  369  369  369  369  369  369  369  369
  369  369  369  369  369  369  369  369  369  369
  369  369  369  369  369  369  369  369  369  369
  369  369  369  369  369  369  369  369  369  369
  369  369  369  369  369  369  369  369  369  369
  369  369  369  369  369  369  369  369  369  369
  369  369  369  369  369  369  369  369  369  369
  369  369  369  369  369  369  369  369  369  369
  369  369  369  369  369  369  369  369  369  369
  369  369  369  369  369  369  369  369  369  369
  369  369  369  369  369  369  369  369  369  369
  369  369  369  369  369  369  369  369  369  369
  369  369  369  369  369  369  369  369  369  369
  369  369  369  369  369  369  369  369  369  369
  369  369  369  369  369  369  369  369  369  369
  369  369  369  369  369  369  369  369  369  369
  369  369  369  369  369  369  369  369  369  369
  369  369  369  369  369  369  369  369  369  369
  369  369  369  369  369  369  369  369  369  369
  369  369  369  369  369  369  369  369  369  369
  369  369  369  369  369  369  369  369  369  369
  369  369  369  369  369  369  369  369  369  369
  369  369  369  369  369  369  369  369  369  369
  369  369  369  369  369  369  369  369  369  369
  369  369  369  369  369  369  369  369  369  369
  369  369  369  369  369  369  369  369  369  369
  369  369  369  369  369  369  369  369  369  369
  369  369  369  369  369  369  369  369  369  369
  369  369  369  369  369  369  369  369  369  369
  369  369  369  369  369  369  369  369  369  369
  369  369  369  369  369  369  369  369  369  369
  369  369  369  369  369  369  369  369  369  369
  369  369  369  369  369  369  369  369  369  369
  369  369  369  369  369  369  369  369  369  369
  369  369  369  369  369  369   58   58   58   58
   58   58   58   58   58   58   58   58   58   58
   58   58   58   58   58   58   58   58   58   58
   58   58   58   58   58   58   58   58   58   58
   58   58   58   58   58   58   58   58   58   58
   58   58   58   58   58   58   58   58   58   58
   58   58   58   58   58   58   58   58   58   58
   58   58   58   58   58   58   58   58   58   58
   58   58   58   58   58   58   58   58   58   58
 193
 4 15 25 27 30 33 34 44 47 49 51 62 63 66 83 85 90 93 94 100 101 102 103 110 118 122 123 128 129 131 132 134 140 158 165 167 168 173 176 187 189 190 205 206 209 236 241 246 250 252 254 259 267 269 271 273 281 283 287 297 298 310 337 339 343 344 351 354 358 362 363 370 373 387 391 394 398 399 403 405 415 420 424 425 445 447 458 459 462 464 467 469 493 499 501 505 510 515 519 524 540 542 546 548 549 550 557 560 568 569 580 582 589 601 605 610 611 613 614 616 617 624 626 628 634 639 640 648 651 663 665 675 676 678 684 687 689 692 696 698 700 712 714 717 725 727 735 736 744 750 753 754 757 758 770 776 781 783 787 794 801 834 842 849 856 858 859 862 871 872 876 878 900 903 906 908 912 917 920 930 932 942 947 949 956 957 962 964 973 978 984 988 998
 197
 11 13 17 24 27 30 37 41 50 52 59 60 63 65 66 68 73 92 98 100 103 106 109 112 116 117 119 135 138 156 164 168 179 185 187 197 204 226 230 233 237 239 240 243 250 255 257 258 261 278 281 282 284 290 298 301 302 312 317 322 327 334 335 336 342 351 354 359 365 367 372 374 378 382 385 391 403 418 428 432 435 442 443 447 458 459 470 479 483 484 487 491 492 503 506 507 509 510 514 517 520 527 533 546 548 549 550 552 554 558 568 574 580 589 592 593 596 602 603 614 627 628 629 634 637 648 659 666 674 680 681 693 695 701 704 708 712 718 722 732 737 741 745 747 750 753 765 767 768 770 772 775 776 785 787 789 794 798 802 803 807 814 815 816 832 837 842 847 855 866 869 871 872 884 890 894 895 896 901 906 914 917 928 940 943 953 961 968 970 983 986 987 989 993 996 997 999
 171
 3 11 12 61 65 71 77 86 89 94 96 107 108 111 115 128 130 140 142 143 151 161 162 163 165 169 185 188 190 192 194 196 200 202 221 224 232 236 247 248 262 265 269 274 275 290 313 315 321 332 350 359 360 361 365 366 378 383 385 393 394 403 405 406 424 431 436 449 451 454 457 464 467 468 479 487 494 498 499 505 508 509 517 519 527 536 538 543 549 550 553 556 564 565 569 578 584 586 587 595 597 603 605 607 608 610 613 623 634 640 647 649 653 660 663 672 693 701 704 706 710 715 720 729 735 736 739 742 744 759 766 768 771 787 793 796 803 806 810 811 819 830 839 843 852 854 863 868 870 878 891 906 907 913 914 916 917 921 926 940 946 954 957 961 966 967 970 976 981 996 997
 159
 1 6 15 26 29 33 36 45 50 56 61 65 72 85 94 111 125 147 151 163 171 177 186 201 206 211 226 230 236 259 265 273 285 289 291 293 299 306 311 324 325 332 335 344 350 355 357 361 372 378 381 382 383 392 401 409 427 443 444 446 452 454 457 465 466 476 481 484 487 489 493 500 508 512 526 539 544 550 553 558 560 562 576 578 584 588 593 599 603 626 635 637 639 644 652 661 672 677 685 687 693 706 709 723 724 728 756 765 768 774 780 787 796 803 807 808 810 811 820 821 822 832 833 834 836 842 843 845 859 869 884 887 894 901 906 911 913 922 925 926 929 930 933 934 935 936 940 945 947 951 956 959 962 963 967 974 983 994 998
 199
 3 5 7 8 12 13 15 18 20 23 29 34 44 46 51 56 66 70 84 87 94 97 99 104 109 120 121 122 125 126 133 134 151 155 163 177 182 185 194 195 203 206 225 226 227 235 236 239 240 254 259 271 276 277 279 281 283 284 285 288 289 295 310 313 318 323 328 330 351 368 372 375 378 380 383 390 391 393 399 402 407 409 413 418 422 425 433 446 447 452 460 467 469 478 479 486 500 501 502 505 508 512 516 517 519 520 521 524 533 534 540 541 543 546 550 556 561 563 565 566 568 576 587 596 597 599 604 605 608 618 621 622 623 633 635 640 652 657 659 663 671 674 675 679 684 687 694 695 696 698 700 702 710 730 731 749 750 775 778 781 784 785 789 791 798 799 804 808 813 824 831 840 843 855 858 859 884 886 889 897 910 914 915 919 926 928 932 938 952 956 958 959 974 978 981 983 984 985 995
 203
 1 2 3 4 5 6 9 13 27 30 35 38 42 44 45 46 51 55 56 61 64 66 73 75 76 78 86 91 103 104 105 107 110 113 114 128 134 141 144 148 149 153 162 165 177 180 181 183 184 185 186 202 210 212 216 223 225 229 232 234 239 240 243 247 259 261 265 270 279 289 290 307 309 311 312 316 321 324 326 330 341 344 346 348 352 359 366 379 380 381 383 388 389 392 394 409 418 425 434 439 444 445 448 456 457 461 462 468 473 480 481 495 496 500 511 518 519 520 521 526 531 540 542 554 560 563 564 566 567 573 587 593 602 610 613 621 623 624 628 635 644 645 654 661 663 666 676 681 687 692 694 697 706 716 718 728 730 739 743 744 746 753 766 769 770 782 784 792 795 799 805 824 826 830 837 844 849 866 871 873 890 900 902 903 923 924 928 931 932 933 935 939 940 942 965 969 975 977 978 985 987 994 999
 187
 1 11 15 17 19 27 39 52 53 63 64 85 92 96 101 102 105 113 114 118 120 121 122 125 128 131 132 134 146 151 152 153 172 176 177 178 179 189 197 198 218 230 233 239 262 276 277 280 286 290 298 304 312 326 336 339 347 351 354 356 368 369 371 373 378 381 396 400 402 409 411 412 413 428 432 434 435 443 444 451 454 456 457 467 471 481 482 484 490 492 502 507 515 516 524 529 530 534 548 550 563 584 594 600 605 607 610 618 621 631 635 637 640 647 652 668 670 688 689 709 715 725 728 731 732 734 735 736 739 743 744 749 750 752 758 770 772 775 786 790 795 797 801 807 811 812 813 814 817 820 821 825 828 835 838 858 859 860 867 870 871 874 879 880 883 890 893 898 899 910 919 923 932 937 939 940 941 949 956 958 960 963 965 980 990 991 999
 196
 1 2 4 8 25 31 45 46 47 48 50 63 69 77 109 111 113 116 123 125 136 137 143 144 145 148 152 161 163 164 169 171 175 176 197 203 205 211 214 215 220 229 235 236 245 247 249 252 254 255 259 266 268 289 290 293 303 309 313 324 328 329 331 335 338 340 351 359 364 365 372 373 379 386 389 391 392 401 402 409 412 416 422 426 430 440 442 443 449 450 458 460 463 464 471 484 490 496 500 504 506 522 525 528 539 543 544 546 555 561 573 575 582 584 600 613 614 625 626 627 629 636 639 641 645 646 647 651 654 663 664 665 676 679 684 685 690 715 723 727 735 741 744 745 747 752 780 784 789 797 798 799 805 807 813 820 822 833 835 838 839 842 845 855 856 857 858 864 865 872 881 883 885 893 894 896 910 912 914 918 920 924 926 931 932 934 936 942 943 947 952 974 975 979 993 999
 176
 1 7 12 16 22 25 34 35 54 55 64 70 82 92 94 97 103 109 112 113 114 116 129 133 139 141 145 146 151 154 157 165 171 179 192 205 208 232 246 252 258 259 268 274 283 284 288 291 294 300 301 312 315 317 320 328 329 334 339 343 344 351 354 355 369 375 380 386 394 401 404 409 410 418 423 427 432 445 448 451 453 455 462 463 465 467 487 493 495 496 500 502 504 511 513 527 528 546 548 556 562 563 568 588 604 606 616 622 634 638 642 646 651 652 655 659 673 675 682 689 696 698 700 703 705 708 710 712 720 722 726 731 733 743 756 762 767 772 780 783 803 807 811 816 817 831 839 841 845 849 850 856 858 864 867 883 887 891 905 906 918 923 924 938 940 949 952 955 959 963 967 974 979 984 985 989
 191
 2 4 6 14 21 24 26 28 31 37 42 51 53 59 61 63 71 72 77 81 88 104 106 112 113 114 126 129 135 142 149 151 169 174 175 178 180 182 183 185 186 198 201 206 216 222 223 237 251 254 257 258 262 272 274 277 278 281 287 288 290 304 305 309 310 312 315 318 320 328 329 333 340 342 353 362 371 379 386 389 392 398 400 401 415 426 430 431 445 449 452 456 457 458 461 473 494 505 506 509 511 515 527 546 551 553 556 558 563 569 571 577 589 605 609 610 614 623 632 635 637 639 641 675 677 685 686 687 691 692 694 695 696 703 704 711 717 723 727 729 732 746 749 770 773 776 777 779 785 786 789 797 803 812 819 825 826 830 835 836 841 842 852 873 879 883 885 887 891 896 897 898 900 905 914 928 931 935 937 941 947 949 952 956 957 959 960 973 983 984 996
 175
 2 3 12 18 20 30 33 41 48 50 58 61 70 83 95 97 127 128 132 133 140 149 150 159 165 167 183 188 189 201 202 216 220 221 224 225 227 228 238 242 243 259 261 264 283 289 291 307 308 312 313 320 321 335 338 341 354 359 361 367 371 380 402 403 404 408 419 427 435 437 439 453 456 463 466 467 469 473 479 487 492 494 498 502 511 520 522 526 533 535 549 553 562 576 580 594 600 607 608 614 628 633 642 643 644 650 651 662 669 670 678 683 686 691 695 701 712 715 717 719 722 723 757 762 767 768 769 776 779 783 784 786 800 802 813 816 826 829 834 843 844 851 852 853 854 861 862 867 878 883 884 888 893 903 904 907 918 925 936 939 940 949 951 954 956 961 962 963 973 977 980 984 992 995 996
 173
 4 6 8 13 18 28 30 39 44 46 52 53 58 64 72 74 90 93 101 106 111 115 118 119 136 137 141 145 153 164 169 177 185 200 203 204 205 212 225 226 227 229 236 255 261 265 277 285 286 287 314 316 320 322 327 333 334 340 344 348 349 350 360 361 362 365 368 369 372 377 378 379 382 389 399 401 412 419 422 429 432 433 437 439 442 446 448 451 453 454 456 466 473 476 478 482 494 508 513 523 529 531 532 534 537 544 549 551 566 569 596 598 601 604 608 613 616 629 631 633 645 647 651 657 681 705 711 713 714 715 722 731 732 733 745 746 752 755 759 760 777 781 800 816 821 822 834 848 851 859 860 863 868 870 873 880 881 895 900 906 910 925 926 927 932 939 945 960 962 970 981 982 998
 178
 2 23 39 40 41 46 47 48 50 59 65 71 72 78 85 86 93 100 104 106 114 116 117 125 131 137 148 149 153 163 170 172 183 184 193 203 206 212 222 233 238 241 249 270 273 285 287 303 306 318 319 324 328 334 337 338 346 347 351 353 370 373 375 388 389 393 403 406 409 413 419 420 423 425 439 442 459 460 462 479 484 489 497 506 509 533 541 543 564 566 567 568 570 581 590 602 608 609 612 620 622 624 625 627 628 634 640 651 663 665 682 688 701 703 705 710 718 719 720 724 730 731 741 744 746 754 755 761 765 770 774 781 784 787 793 796 811 814 827 829 835 836 839 850 855 861 864 867 870 871 873 877 878 886 887 888 889 896 907 913 914 915 920 927 934 937 939 941 950 968 973 975 984 985 987 990 994 999
 179
 3 6 9 19 20 25 27 40 42 57 60 65 70 74 85 86 92 93 95 98 100 102 104 109 111 115 120 122 123 135 136 139 141 147 153 157 158 160 162 172 183 185 187 193 198 205 206 211 214 220 222 234 238 244 247 256 257 258 265 267 268 281 305 310 315 319 321 331 333 336 340 342 344 348 351 352 362 364 369 374 375 388 390 394 400 405 407 410 417 426 429 431 456 457 458 461 466 468 471 482 485 488 491 497 498 499 502 515 517 518 522 523 537 545 550 578 579 587 606 610 612 620 622 629 658 662 673 677 679 680 684 693 703 706 715 719 720 750 760 764 767 768 779 780 783 790 793 798 801 817 820 827 835 852 856 859 873 875 877 885 890 891 894 899 909 920 921 923 925 933 939 940 945 947 953 955 980 985 996
 187
 6 8 10 12 22 25 27 28 32 34 35 37 43 49 51 56 61 74 82 83 87 88 100 103 116 117 118 126 130 134 163 164 181 182 184 189 197 209 211 216 218 220 231 240 242 247 254 255 257 264 285 290 299 301 317 318 321 326 330 333 336 339 341 355 359 377 395 412 420 423 425 427 442 443 455 462 465 470 473 476 477 479 486 487 491 493 497 498 499 504 507 512 513 518 525 526 529 532 534 538 555 560 565 570 571 574 575 577 583 585 588 589 591 594 602 604 605 612 618 619 627 629 641 646 651 653 654 655 657 658 662 669 672 683 695 707 722 727 732 733 734 742 745 747 757 758 761 766 768 769 778 788 789 794 799 801 805 810 818 820 830 831 832 840 842 845 851 856 866 869 889 895 897 927 932 938 944 945 947 952 975 976 981 983 990 993 995
 186
 7 8 9 10 17 43 45 57 76 80 81 83 89 91 92 104 106 110 113 118 126 130 133 136 139 143 144 145 148 153 154 161 167 173 175 176 180 194 217 228 238 245 248 259 264 268 270 273 284 293 294 295 297 299 308 311 318 321 327 332 337 339 341 345 347 355 357 359 372 375 384 389 390 396 397 401 404 406 408 412 420 424 426 430 433 443 452 464 472 473 475 480 488 501 502 508 511 530 534 557 559 569 574 575 587 591 592 595 598 599 604 605 609 615 622 627 630 657 666 667 672 673 675 683 685 688 690 692 694 698 710 713 715 718 741 744 756 759 760 761 766 777 779 786 787 798 800 805 818 826 828 836 845 846 848 853 854 860 863 866 874 880 892 905 907 914 915 920 922 923 933 934 935 938 944 951 953 958 966 972 973 979 988 991 992 1000
 195
 22 26 29 32 34 54 56 58 69 70 84 97 101 103 105 107 108 110 111 113 114 119 130 132 148 149 151 152 154 158 163 167 168 171 182 187 194 198 199 200 205 206 216 219 221 223 229 231 232 238 248 263 271 272 277 283 288 290 295 298 304 308 325 326 331 339 342 346 351 358 365 380 390 396 400 402 411 416 431 435 437 450 464 470 474 478 482 488 501 503 508 513 519 521 526 530 544 546 553 557 561 564 578 579 582 583 584 586 588 595 597 600 605 609 615 617 622 626 633 639 643 644 648 650 652 655 657 658 662 667 668 672 675 676 680 684 689 690 693 695 702 706 714 719 720 721 723 731 733 734 739 745 756 758 760 772 778 784 787 790 794 807 808 812 813 820 824 827 837 840 852 865 866 873 874 879 883 884 890 893 895 896 905 918 926 929 930 939 945 949 955 961 987 988 991
 179
 3 5 10 21 30 33 43 51 53 55 56 59 60 77 80 81 85 86 95 100 120 124 137 141 153 164 166 169 171 177 178 182 183 186 198 215 217 220 225 230 234 236 239 256 258 260 263 267 272 274 276 284 291 296 301 302 305 309 327 328 329 335 340 344 345 354 358 364 380 391 405 408 416 428 431 440 447 454 458 459 469 472 474 480 481 482 488 491 493 499 503 505 510 512 523 526 528 530 531 533 537 539 547 571 586 594 600 612 615 618 621 622 651 660 667 670 676 680 683 685 694 705 706 707 709 712 713 717 725 726 727 734 735 740 748 749 754 758 780 783 785 789 790 792 793 802 803 804 809 822 853 856 866 867 874 876 881 894 896 903 908 909 914 915 926 937 939 945 951 954 963 969 975 977 984 989 992 994 998
 173
 1 4 5 10 18 20 21 31 34 38 39 40 41 44 45 51 57 68 77 90 93 94 99 104 112 117 118 124 127 132 141 156 177 187 193 194 195 196 199 208 214 215 223 231 236 240 243 253 256 260 262 263 266 269 276 285 301 309 311 318 320 321 329 337 349 351 356 363 371 375 380 383 386 387 390 404 405 408 414 430 438 440 455 457 463 476 480 484 487 495 496 499 500 509 516 525 539 542 543 571 572 579 585 589 597 602 605 607 624 643 650 653 656 657 658 659 663 669 670 674 676 677 678 692 702 704 715 720 722 730 740 743 745 755 762 763 777 780 786 800 806 809 810 849 852 853 854 866 869 874 875 878 882 886 897 922 933 937 938 943 944 945 953 958 968 970 972 986 988 991 992 995 997
 191
 9 12 13 25 26 27 30 32 33 41 64 80 88 91 92 96 109 113 115 118 121 125 126 127 141 142 146 152 156 157 159 164 173 191 193 201 203 210 211 258 274 281 283 285 299 306 307 311 312 314 326 327 329 336 338 340 342 351 355 360 361 365 368 373 376 381 388 390 397 398 400 403 408 410 417 433 434 437 444 446 449 455 464 467 468 492 494 495 505 513 514 531 541 546 553 560 563 564 565 571 584 585 596 599 601 603 604 614 617 619 630 631 632 634 639 651 652 655 657 658 660 661 668 670 672 674 675 680 687 691 696 708 712 714 715 733 736 739 741 742 747 753 754 756 758 765 769 773 775 778 781 800 802 805 811 813 817 818 825 845 854 858 862 863 869 878 883 889 891 894 897 901 907 908 917 921 922 929 931 941 946 955 963 972 973 977 990 991 995 996 998
 194
 10 11 12 19 24 28 29 32 33 43 44 47 59 64 71 77 79 83 84 99 107 109 111 114 117 118 127 139 143 166 168 170 173 174 179 181 197 201 203 211 232 239 241 243 245 247 255 261 263 267 278 283 286 288 292 294 298 301 306 324 327 329 336 339 342 343 348 353 358 360 364 368 374 384 392 396 400 407 413 419 422 426 428 432 443 447 449 451 456 465 467 470 474 478 480 486 491 494 500 510 512 514 519 525 527 533 538 540 541 546 556 558 560 561 567 575 580 588 592 596 597 598 606 612 615 618 635 638 639 645 651 652 656 660 666 667 676 678 683 685 688 693 703 708 716 722 725 734 738 750 756 761 767 768 784 789 790 794 801 807 812 814 815 817 818 819 823 830 840 845 853 856 877 879 894 905 906 914 918 921 927 932 937 939 940 946 948 949 958 962 963 971 973 974
 191
 6 11 16 18 21 23 26 36 45 47 49 62 65 70 71 74 76 82 89 94 95 104 114 115 124 128 130 131 134 139 143 146 152 157 164 166 172 176 184 186 187 188 197 200 201 210 211 215 218 219 222 228 237 238 241 247 248 254 262 269 270 275 279 283 293 299 311 320 322 331 332 356 357 361 373 375 376 382 388 389 391 393 395 406 410 418 419 423 426 436 439 442 443 449 453 457 465 473 475 484 485 492 499 500 501 507 529 530 542 543 544 557 561 563 565 566 567 573 576 591 595 601 602 603 610 619 621 627 668 673 686 692 697 705 708 712 720 743 749 757 759 765 768 770 777 778 779 781 784 785 789 794 797 800 802 803 815 826 834 838 841 842 844 852 855 859 864 867 870 881 882 889 890 892 907 917 925 926 930 932 943 946 955 978 981 988 990 991 992 995 1000
 146
 1 8 9 10 11 17 40 50 54 61 74 75 93 94 95 104 111 120 124 140 153 173 180 197 199 201 211 213 215 218 224 226 232 234 237 239 245 252 257 261 266 303 304 305 306 310 316 324 331 344 351 356 359 360 365 366 386 392 421 423 433 438 443 445 449 461 463 467 468 469 471 479 498 507 514 518 519 525 530 538 551 565 569 585 586 587 590 591 604 613 614 615 620 647 655 656 662 668 679 682 685 692 709 729 733 741 744 747 755 757 768 772 780 783 796 806 810 816 823 825 826 827 829 831 852 858 860 863 867 885 892 898 902 932 937 939 943 948 955 957 965 971 990 991 995 999
 196
 2 7 15 19 20 21 22 25 30 33 36 37 41 45 48 51 52 65 67 75 77 91 94 105 109 111 112 113 119 121 122 132 133 145 146 150 155 161 164 165 166 173 178 179 182 183 188 189 191 204 218 225 234 242 244 249 254 257 259 263 266 275 277 282 290 292 299 302 309 314 317 318 322 324 333 339 344 350 351 353 358 359 360 374 375 376 384 386 406 415 416 417 418 423 440 445 460 472 473 476 477 478 481 486 491 499 513 514 518 530 537 539 544 547 556 567 568 574 586 600 601 602 603 614 623 626 635 636 640 642 644 645 648 662 666 668 680 682 686 689 690 691 693 702 710 714 727 739 742 755 757 763 770 772 777 785 787 796 799 803 815 817 818 823 824 825 826 840 844 846 853 854 860 864 868 870 877 883 887 894 897 910 911 920 921 924 938 940 941 948 957 965 966 967 993 999
 198
 1 2 5 9 10 12 13 29 30 37 40 50 54 58 62 63 65 71 75 81 85 89 97 102 108 124 128 129 146 154 158 161 174 178 182 191 194 203 208 209 215 219 220 221 223 224 228 231 241 244 245 247 253 257 263 270 273 276 291 292 293 296 300 305 310 314 315 322 325 328 344 346 357 358 360 374 380 387 393 396 400 403 409 420 421 423 426 427 429 435 439 442 444 449 465 469 472 478 481 488 507 510 525 526 527 529 533 534 535 537 548 551 555 557 576 582 583 586 593 594 599 604 613 618 624 631 635 636 638 648 650 651 656 658 663 678 679 680 683 688 697 710 711 721 724 728 730 733 739 740 750 752 754 761 768 779 782 788 792 800 821 828 832 833 836 843 845 847 853 864 866 867 877 881 888 889 892 894 895 896 897 903 907 920 932 941 947 949 952 953 956 958 970 978 984 988 990 995
 162
 1 3 5 12 16 22 28 39 46 48 58 60 71 72 74 82 84 86 96 107 112 116 120 121 124 126 130 135 137 163 170 173 176 179 180 181 204 205 219 228 232 235 238 250 255 256 257 261 265 268 271 284 291 298 299 301 303 307 319 334 336 342 350 357 364 367 370 376 384 385 389 394 403 419 420 426 428 451 452 453 464 471 478 480 488 491 512 519 522 524 533 537 538 539 558 560 563 575 576 579 586 587 590 592 593 596 611 614 618 629 635 637 641 647 667 671 674 693 701 703 726 741 744 745 747 750 756 769 774 777 779 781 784 791 796 799 803 807 813 817 831 832 842 857 858 879 882 890 895 897 905 909 911 914 919 922 936 939 960 974 986 1000
 174
 4 16 22 32 40 66 68 70 77 78 79 93 116 119 127 129 136 139 140 143 148 159 163 167 170 180 182 184 187 188 198 204 205 218 224 230 244 246 249 250 253 254 256 258 261 262 275 281 286 293 294 295 298 306 315 337 339 347 348 371 374 383 397 409 415 419 423 424 425 429 435 437 442 448 462 464 465 472 483 487 500 529 530 534 537 540 544 548 551 574 575 592 596 597 599 606 609 614 619 626 629 637 641 652 654 657 662 663 672 676 677 682 690 698 701 703 708 730 752 753 755 756 757 761 766 767 772 782 789 794 819 824 832 837 840 847 848 865 869 874 875 883 897 899 900 902 903 905 906 911 918 920 922 924 927 928 932 942 952 953 964 967 968 970 972 975 980 981 982 986 987 989 990 997
 174
 2 5 6 11 15 16 19 20 28 39 40 45 59 62 63 65 75 77 78 79 93 96 100 102 103 112 117 125 128 130 135 143 148 152 153 156 159 172 173 180 185 195 205 210 214 217 228 232 235 236 270 272 274 280 281 285 286 289 295 300 303 309 313 314 316 319 331 333 341 352 364 368 371 379 404 412 415 416 425 431 434 438 452 457 469 476 479 481 488 493 498 499 500 505 508 511 514 522 532 533 534 540 541 547 549 550 554 561 568 580 585 592 598 605 608 625 630 632 634 635 637 639 648 650 668 670 671 672 673 675 678 684 697 698 702 712 715 717 722 729 736 745 756 758 762 782 784 787 792 796 797 798 835 842 847 849 850 863 864 872 893 897 898 900 903 909 913 917 936 948 966 981 987 995
 179
 6 11 16 17 25 34 35 38 41 44 66 76 88 89 90 98 99 102 111 114 126 133 145 160 176 177 178 181 183 184 188 192 195 206 212 221 232 233 234 252 259 264 269 274 277 278 284 292 302 322 323 337 359 364 365 376 380 382 383 386 398 399 403 408 416 422 428 429 431 448 459 465 467 472 473 481 504 510 512 515 528 536 540 546 547 549 556 561 568 571 573 575 598 600 606 609 614 621 622 627 629 636 637 651 652 656 658 661 662 671 672 674 681 683 687 693 697 699 701 707 715 716 717 719 720 729 732 739 742 745 748 751 758 759 767 769 772 773 777 778 779 781 782 785 789 793 799 805 810 812 815 829 830 833 834 843 847 859 861 862 863 880 886 887 903 918 935 936 943 945 947 958 959 962 972 980 989 993 998
 156
 12 13 31 32 36 37 48 57 61 69 78 81 83 88 100 107 109 116 121 126 128 129 133 152 155 158 164 171 183 194 198 210 211 225 227 237 238 246 259 274 282 290 304 305 317 323 324 326 336 344 347 348 351 352 355 358 361 376 378 387 392 396 422 424 427 429 434 437 449 453 454 461 462 477 484 487 488 490 496 497 499 501 502 509 511 515 516 523 527 535 536 539 556 570 598 599 601 602 613 615 623 629 631 638 649 654 659 679 681 684 691 696 705 706 708 722 729 747 769 787 796 802 817 824 831 841 847 856 858 864 866 876 877 897 899 902 906 911 914 917 922 926 933 936 942 951 952 953 954 956 958 971 973 977 986 999
 185
 7 8 11 19 25 35 39 41 43 46 49 52 57 62 69 73 75 81 88 95 99 100 104 112 115 117 118 120 121 135 136 139 141 148 154 157 161 178 191 195 204 210 213 218 225 241 243 252 259 268 279 281 287 288 289 292 294 306 307 310 314 324 330 332 356 362 369 370 377 378 382 386 393 417 422 426 427 428 429 434 442 450 455 458 460 465 476 489 494 495 498 501 509 516 519 522 523 531 536 541 546 547 561 567 570 578 579 583 587 596 618 624 627 631 634 636 652 656 658 661 684 688 692 695 704 706 722 733 735 736 738 740 743 744 746 747 757 759 760 762 765 771 780 782 786 790 805 806 808 811 813 830 832 834 840 844 856 865 875 882 887 900 907 911 914 915 917 918 922 929 930 936 943 946 951 952 958 960 969 972 974 980 990 996 1000
 189
 4 9 12 14 22 24 28 35 45 47 51 52 54 55 65 69 70 75 76 91 92 98 101 107 121 125 127 131 132 140 142 166 170 181 182 184 189 190 198 203 207 208 209 214 226 229 230 234 238 243 244 263 272 277 288 289 301 302 304 306 307 318 326 330 332 339 344 346 353 358 360 362 366 386 400 405 407 412 414 416 418 420 445 447 453 454 466 482 483 488 492 493 497 503 504 505 511 513 518 538 540 544 565 566 571 584 586 587 608 613 615 618 620 636 639 644 645 646 649 655 659 660 670 677 688 698 701 703 704 708 715 724 737 746 747 750 752 757 760 764 769 771 779 792 793 802 807 819 820 826 829 834 835 842 851 852 860 869 885 891 898 904 910 912 913 921 930 931 934 937 939 943 944 945 952 954 958 961 971 972 973 976 977 980 982 985 987 992 995
 179
 2 7 13 17 25 30 32 37 42 43 46 54 56 60 71 94 96 106 107 134 142 147 148 151 161 163 164 166 182 187 189 194 203 217 218 219 220 222 223 228 233 235 239 240 245 252 265 268 274 276 280 288 289 314 316 321 324 338 345 346 352 354 356 358 367 371 378 386 394 396 400 403 406 409 427 434 437 438 474 475 480 491 496 497 499 502 508 512 514 516 520 522 526 537 540 544 545 558 560 570 578 587 592 593 594 604 607 608 611 640 646 657 661 674 678 679 682 690 693 697 708 717 720 726 728 733 735 743 744 746 761 765 766 767 768 770 776 777 785 790 803 815 825 831 841 848 850 855 870 877 892 901 906 911 913 916 918 920 929 936 937 938 942 944 946 952 954 959 961 965 969 971 978 986 990 992 995 998 1000
 159
 11 13 18 27 29 35 47 49 54 59 68 73 83 84 89 91 99 101 112 117 119 136 137 151 164 167 171 176 177 184 185 186 187 190 195 202 207 229 233 237 240 243 259 260 269 286 291 295 302 328 336 341 343 350 356 360 362 363 364 368 373 377 379 389 392 397 399 403 416 417 422 424 440 453 460 469 470 477 479 491 493 494 501 511 515 521 531 532 537 541 544 545 557 558 585 586 589 598 608 616 626 638 645 653 659 664 670 671 672 677 681 691 711 720 726 729 737 741 748 756 759 764 767 769 770 780 801 803 810 820 822 829 839 842 846 847 849 852 856 863 866 872 878 911 919 929 930 936 939 940 943 949 966 970 985 986 987 988 991
 190
 3 11 14 17 18 23 25 26 29 32 34 35 36 37 64 77 90 95 97 104 105 106 107 108 115 127 133 135 138 140 144 164 179 181 194 203 225 228 231 237 240 241 245 247 260 266 271 272 274 275 279 282 290 294 297 299 315 317 318 323 324 325 327 328 331 341 342 352 355 356 362 365 371 379 381 390 396 397 398 409 416 421 422 427 432 435 439 444 450 452 453 457 464 472 483 487 495 496 514 521 526 529 530 540 544 545 550 551 553 555 562 563 565 571 581 582 584 585 596 602 614 623 624 629 631 636 637 651 680 691 693 694 706 710 712 718 724 725 731 732 742 753 754 755 756 765 770 774 775 781 787 801 803 813 817 819 822 824 827 834 837 846 847 848 850 852 862 863 865 866 889 891 892 897 909 920 923 928 934 937 944 948 952 958 973 980 990 992 993 994
 170
 5 7 11 12 14 15 16 28 31 35 37 39 50 78 83 93 95 98 104 107 113 117 119 126 134 148 151 165 166 172 174 175 181 186 199 205 222 224 227 230 238 256 259 263 267 277 279 283 287 291 304 305 313 315 323 327 329 334 336 338 339 341 345 348 357 359 369 370 377 386 388 391 398 403 416 423 429 430 432 434 437 438 449 455 456 457 466 476 484 485 496 498 501 503 506 508 520 522 537 541 542 546 552 557 562 567 570 585 587 597 608 611 612 653 658 677 682 684 686 695 698 705 713 714 716 727 729 733 735 738 749 752 759 764 772 777 780 783 790 797 802 804 813 818 820 823 836 838 841 849 851 854 867 869 873 883 898 904 912 922 923 937 943 945 949 969 983 985 989 993
 182
 5 14 25 32 34 47 48 51 53 59 65 76 77 80 81 97 108 114 116 118 136 137 145 151 165 166 178 192 193 194 195 196 197 200 203 208 209 215 216 217 221 222 231 232 240 247 261 267 268 270 272 278 279 284 301 307 320 325 330 342 343 345 346 356 359 370 371 377 379 390 396 405 406 416 425 438 444 446 450 457 458 461 463 464 465 470 478 482 485 497 498 500 503 509 510 513 515 526 528 534 536 538 539 541 545 551 573 577 582 591 598 601 627 628 632 640 654 655 657 662 665 673 675 679 681 686 690 695 703 705 713 717 718 719 729 737 741 745 749 753 756 760 764 766 771 778 780 784 789 798 810 811 812 826 827 829 831 833 840 843 847 850 854 856 874 876 881 892 893 901 907 924 927 941 951 958 963 971 974 990 991 1000
 169
 1 6 10 12 16 39 42 46 51 62 68 72 81 85 88 90 95 110 119 120 125 131 152 169 171 184 186 187 191 212 223 238 239 255 274 280 282 298 299 300 304 306 311 312 317 318 326 330 335 342 345 347 366 370 371 372 373 381 397 398 410 413 414 415 418 419 425 426 430 434 451 452 457 478 479 482 495 499 501 504 507 508 510 512 513 515 516 517 521 540 547 548 555 556 557 559 561 576 577 593 597 598 624 629 641 642 646 654 658 659 660 670 683 684 689 693 696 700 704 720 726 729 736 737 743 746 750 753 754 760 766 773 783 787 788 790 792 794 795 802 804 835 840 843 847 860 862 864 876 878 891 893 895 904 906 909 910 912 929 932 936 938 958 960 966 968 973 989 999
 164
 1 9 13 14 15 21 27 30 40 41 43 44 48 50 54 61 66 73 82 92 101 103 110 116 117 130 132 147 148 149 151 152 160 162 164 168 174 185 189 190 197 217 220 227 228 229 232 241 242 244 257 258 262 268 275 276 278 279 292 299 302 305 306 310 317 322 328 335 338 344 346 350 359 365 378 408 412 415 417 423 426 427 430 436 441 455 466 479 481 482 484 485 488 495 499 502 512 514 518 532 546 553 555 561 582 583 610 612 617 618 619 620 634 639 640 641 646 658 663 671 677 683 686 688 690 697 702 703 711 727 728 730 738 742 747 758 763 772 794 803 808 810 827 828 836 841 846 856 872 898 907 915 935 953 958 961 970 971 974 983 984 989 992 993
 169
 4 9 10 15 16 25 28 38 40 45 47 64 66 72 86 88 93 99 101 117 119 120 126 138 148 149 151 160 177 186 195 197 198 217 226 245 249 260 265 266 269 288 293 300 309 313 323 325 334 335 360 368 374 378 383 388 392 398 401 410 415 416 434 435 442 446 461 465 468 473 487 488 492 496 499 502 509 510 513 519 521 531 537 543 555 563 565 569 573 574 576 578 584 589 594 596 597 607 627 632 635 655 658 659 662 663 665 675 693 695 697 704 707 708 710 711 724 729 738 744 750 752 753 755 757 792 794 795 797 802 812 813 815 821 828 833 835 858 868 869 873 875 876 879 887 903 905 907 914 937 938 947 951 952 957 959 960 966 969 971 973 976 979 980 982 986 988 989 1000
 190
 1 4 7 10 13 17 21 25 27 28 36 37 41 43 45 46 54 58 70 71 79 85 88 89 93 95 99 100 102 112 113 134 135 143 152 160 161 162 165 166 168 175 184 188 190 199 200 202 203 205 206 207 208 210 222 225 226 232 241 251 253 254 256 262 269 272 282 284 290 294 298 299 304 314 331 337 341 345 349 353 365 374 398 401 414 418 425 434 435 436 439 447 448 451 456 463 464 474 480 487 488 493 501 516 530 538 539 542 544 548 561 566 572 581 582 587 603 605 611 615 616 617 623 629 630 631 633 640 641 642 643 645 648 652 663 667 676 682 692 695 698 710 714 715 726 731 732 752 756 758 766 771 779 781 784 785 808 821 832 836 865 867 872 873 878 885 886 889 893 894 896 898 905 906 919 932 935 936 937 938 946 949 955 956 958 964 984 987 996 997
 177
 15 24 25 26 29 31 35 38 42 45 51 55 57 59 71 83 85 95 97 101 105 117 134 141 143 152 154 155 163 169 175 191 194 197 198 205 209 210 211 213 214 218 219 221 230 250 253 256 268 278 285 286 293 304 305 311 317 320 332 336 346 352 353 358 360 362 371 375 384 387 393 394 415 416 418 425 428 433 435 439 447 455 458 462 470 472 475 486 494 497 502 503 510 516 524 531 533 544 545 546 549 556 558 577 596 598 601 604 620 621 624 625 629 635 637 646 651 661 663 669 670 673 682 683 685 697 711 713 714 718 719 734 735 742 745 751 756 757 766 769 770 773 777 780 783 806 832 842 844 846 851 854 862 863 867 872 873 875 883 886 887 890 901 907 918 920 921 937 946 954 955 956 966 973 974 985 993
 196
 11 25 31 35 39 45 52 56 63 65 76 80 89 94 103 106 110 115 116 118 122 145 146 149 156 160 165 167 168 169 171 176 181 190 198 205 207 220 221 231 236 246 257 260 261 262 271 272 273 274 283 302 313 315 316 324 329 331 333 334 335 342 347 352 355 356 357 364 367 371 372 373 384 398 406 410 411 420 431 434 442 449 461 467 468 469 473 481 482 485 493 494 498 499 527 530 535 538 547 551 555 556 564 569 580 581 589 599 602 609 616 626 637 644 647 651 652 657 658 660 661 662 664 666 668 670 672 686 690 697 702 712 713 715 721 723 724 736 744 751 752 756 757 758 759 761 762 766 768 777 778 780 789 799 804 806 814 816 820 823 834 839 848 851 870 871 878 879 880 882 884 887 892 895 896 897 900 904 906 925 926 928 930 935 936 938 953 957 959 963 972 980 982 990 993 996
 187
 4 7 19 24 31 41 45 46 48 54 58 65 67 70 75 76 77 86 89 100 101 105 109 110 111 112 118 119 130 132 133 137 139 146 153 155 157 158 161 163 164 168 170 182 185 192 212 215 218 220 232 237 242 249 255 282 298 303 308 310 311 320 328 335 337 352 353 359 363 364 366 368 369 370 374 375 381 385 392 394 399 403 404 411 424 425 433 438 444 449 451 459 463 464 465 466 474 478 479 480 496 506 509 516 518 519 523 530 531 534 538 540 547 553 556 558 575 592 605 608 610 611 613 620 642 644 647 660 662 663 664 676 709 716 719 723 725 728 729 732 736 740 742 755 761 763 767 772 780 788 793 795 800 805 806 816 817 821 836 838 839 841 857 859 861 862 865 871 872 875 880 891 899 903 908 914 916 921 927 932 937 939 951 959 985 988 998
 195
 2 15 22 26 29 30 31 41 52 56 62 67 69 73 79 81 83 91 95 101 103 111 117 118 122 125 132 133 135 141 146 156 160 161 163 165 181 183 196 199 201 202 207 209 214 220 224 228 229 233 242 244 247 248 249 258 265 274 277 283 293 295 299 312 315 318 319 324 325 333 336 340 342 350 358 359 363 370 372 373 374 378 394 406 409 410 411 417 423 428 429 431 433 436 440 446 451 457 458 477 483 488 490 504 510 517 520 536 541 551 558 563 567 586 589 591 601 612 621 625 636 640 643 647 648 656 662 664 674 678 679 689 696 698 701 704 712 713 719 725 731 735 736 738 751 754 759 766 776 779 783 790 797 799 803 804 808 809 810 812 816 817 819 826 832 842 843 851 868 869 870 875 877 879 884 887 891 898 910 919 921 928 931 939 942 944 945 948 950 952 956 967 974 976 990
 198
 2 11 14 18 22 24 25 52 56 59 63 67 75 78 80 81 89 91 98 121 125 127 143 146 158 160 166 171 172 173 174 183 187 199 205 206 217 235 237 238 245 257 264 267 268 274 279 281 290 292 295 302 306 318 326 338 348 357 359 361 369 371 374 377 383 387 391 397 399 402 404 408 412 415 416 417 426 429 430 442 445 448 453 454 457 459 468 478 480 490 491 499 503 510 513 518 540 550 556 557 566 568 585 586 589 590 592 594 601 610 614 619 623 628 629 632 637 643 647 651 658 662 668 672 673 680 682 683 684 693 694 698 703 706 707 711 713 714 718 723 724 726 735 744 745 748 751 757 758 759 760 769 770 772 774 783 785 787 795 796 811 819 829 832 835 847 853 859 862 864 865 866 872 880 884 885 886 895 899 904 906 908 914 915 921 931 933 942 946 952 954 966 967 970 971 981 989 993
 199
 3 5 6 7 10 19 31 32 39 41 43 57 58 68 72 89 90 92 94 95 102 108 114 120 126 137 148 164 176 178 180 184 186 191 204 211 218 228 235 252 253 255 258 259 267 275 281 289 292 298 302 304 305 314 315 316 325 329 334 344 350 352 362 368 377 378 385 386 387 393 394 404 409 412 415 416 418 423 424 429 431 433 439 441 444 448 452 454 455 466 467 471 473 474 480 482 488 489 508 513 530 535 538 540 544 547 558 572 578 582 586 588 590 603 607 617 624 625 626 630 641 644 647 651 660 661 665 672 676 685 686 690 696 708 711 716 723 724 731 737 742 744 745 747 748 749 753 754 763 768 769 790 796 797 815 817 819 820 824 825 828 831 839 840 844 853 857 862 863 869 874 881 883 884 886 888 890 895 898 899 906 909 910 912 914 916 928 929 932 945 953 955 956 961 965 967 968 985 997
 171
 1 15 17 19 22 24 29 30 32 35 37 38 40 41 42 44 45 50 59 61 64 67 78 83 103 104 135 136 146 147 149 161 164 165 174 175 178 180 183 187 189 195 203 218 223 227 241 246 269 272 275 277 288 290 295 296 305 319 331 335 338 346 347 364 369 373 374 382 384 387 391 394 401 403 404 406 420 434 441 446 449 463 473 489 495 498 499 511 513 517 523 539 543 550 553 557 563 565 583 593 594 612 625 627 633 634 637 638 640 649 653 660 668 686 699 706 707 710 717 719 720 737 738 748 752 753 755 756 758 761 765 769 773 787 790 798 801 821 829 831 843 852 861 864 869 875 880 881 883 885 888 892 904 905 906 913 931 932 945 951 953 958 965 968 972 976 977 978 980 985 997
 176
 1 17 19 30 36 42 47 48 56 70 74 80 82 88 93 97 99 100 121 124 125 129 133 142 147 149 151 155 163 164 168 174 181 183 192 202 203 204 205 207 210 215 225 226 233 235 236 240 243 246 250 257 280 289 297 302 317 318 326 337 343 356 380 382 384 410 411 412 420 422 423 430 432 436 438 464 470 477 480 481 482 484 494 500 508 512 519 521 525 530 535 540 542 548 559 560 577 588 603 606 615 618 623 626 628 630 631 637 640 642 643 649 654 661 667 673 676 681 687 688 693 695 703 718 731 736 739 742 747 760 771 783 788 802 803 804 809 811 822 829 833 840 843 851 857 860 864 867 868 888 895 897 899 901 911 916 919 920 932 933 941 943 950 965 969 970 971 972 973 974 981 982 987 995 999 1000
 157
 6 7 11 21 23 33 34 38 42 45 50 56 68 83 87 89 91 95 96 115 118 123 128 129 130 131 132 135 138 140 153 154 156 161 163 164 169 173 180 184 197 199 217 218 227 236 242 243 247 253 258 261 267 271 278 280 296 297 307 308 313 319 324 333 337 342 345 348 352 355 358 367 370 371 372 373 378 379 380 386 388 393 400 414 420 433 434 437 439 488 496 497 511 526 535 547 551 557 558 572 573 575 576 582 597 618 621 625 629 630 651 654 670 672 689 695 702 707 709 713 720 721 725 729 736 753 772 790 791 794 812 820 827 831 858 861 862 888 894 900 908 914 922 931 932 936 948 949 951 956 959 961 965 967 970 972 988
 167
 3 19 25 36 45 46 48 55 72 82 85 87 89 97 99 102 104 116 119 124 127 138 140 143 148 155 160 169 184 185 189 191 198 199 207 212 219 220 237 241 242 265 272 275 276 280 287 288 291 292 295 300 303 304 311 314 315 323 330 331 334 336 338 345 349 354 355 370 385 393 394 396 397 401 406 413 417 420 422 433 437 443 444 470 475 477 479 489 490 492 493 504 508 514 531 549 562 568 570 579 582 587 592 606 640 647 650 658 659 667 684 686 691 695 701 702 716 717 725 730 731 761 762 765 768 769 772 773 775 781 785 786 787 789 792 795 797 801 804 806 809 814 829 832 840 841 844 853 862 864 869 874 879 882 884 895 904 912 934 935 942 946 951 957 962 969 976
 191
 4 15 33 36 38 39 45 55 56 58 59 61 62 68 69 70 72 81 82 87 92 93 95 101 107 108 112 120 123 131 132 142 147 148 164 165 170 172 196 197 202 204 222 224 231 234 237 240 241 245 250 252 262 265 267 269 276 285 288 291 293 298 299 304 307 310 311 314 324 327 330 342 345 346 347 352 353 368 370 377 380 390 394 399 402 406 414 418 427 429 431 434 435 445 446 447 449 462 463 467 469 471 472 476 479 481 488 510 535 540 541 543 549 557 558 560 564 567 572 576 580 581 583 586 588 593 597 598 600 610 614 619 620 628 635 651 661 669 674 677 692 699 708 713 718 720 732 734 736 742 744 746 753 761 767 769 771 772 773 778 780 784 789 797 809 812 818 835 843 846 853 872 882 907 908 913 914 923 926 927 937 940 948 949 950 953 955 969 975 979 986
 187
 1 3 6 17 20 34 36 38 49 51 71 72 79 83 90 100 101 107 111 113 120 125 131 133 134 142 151 157 164 172 180 182 183 186 189 193 204 206 211 219 222 224 234 242 245 247 248 259 260 262 264 276 281 285 291 297 298 302 305 313 323 328 329 330 332 338 343 348 358 361 363 369 371 381 383 395 404 407 411 419 434 445 449 451 454 458 459 460 474 476 484 488 496 504 505 509 512 518 526 530 535 540 555 558 559 560 565 568 570 574 582 595 598 604 606 612 614 619 621 627 632 641 649 650 658 665 668 670 672 677 683 686 698 704 705 715 727 729 733 734 735 737 747 763 765 766 778 795 801 813 818 824 825 828 840 841 845 848 850 860 874 875 882 885 890 895 898 900 905 908 910 911 912 914 920 929 934 935 936 940 946 953 964 970 971 984 997
 160
 2 13 20 36 39 42 51 52 57 58 63 71 75 76 89 108 111 113 135 144 145 148 159 163 168 169 177 178 182 189 197 220 222 232 234 257 259 266 274 275 282 286 303 311 335 336 339 340 343 344 349 351 355 363 368 369 383 385 388 392 396 398 420 427 428 431 436 440 443 446 447 448 460 464 469 471 472 498 504 514 515 535 541 548 551 562 566 567 568 573 576 577 585 601 610 618 630 635 646 647 656 666 670 671 683 687 707 710 724 727 729 740 741 747 753 758 766 771 777 778 784 786 787 795 796 798 801 826 828 841 842 866 875 876 892 897 904 907 908 909 912 914 915 916 920 926 929 932 934 943 944 948 954 963 972 975 982 990 992 995
 203
 1 4 7 14 18 21 22 28 32 37 39 40 43 46 48 51 61 62 68 69 70 82 83 85 114 117 119 129 130 135 138 142 154 163 167 170 179 180 187 188 189 198 200 203 204 207 208 210 211 215 217 219 224 237 244 249 256 259 269 275 276 279 284 286 293 297 304 313 316 320 322 323 325 331 339 340 345 347 354 356 359 363 365 367 371 375 379 382 389 392 395 414 421 424 426 440 450 451 452 455 462 463 468 478 483 484 491 502 504 513 517 521 522 523 524 525 532 533 543 548 551 552 554 578 580 582 587 591 596 603 614 629 632 639 648 654 664 674 678 682 683 687 690 694 700 703 707 712 730 737 751 752 760 761 766 769 773 786 788 789 792 800 810 812 813 818 822 827 830 834 835 839 841 843 850 852 856 863 866 869 873 874 882 910 915 919 921 930 937 942 948 949 951 957 958 959 962 964 971 972 980 991 999
 186
 2 7 8 9 25 28 32 43 54 56 57 66 68 69 76 84 88 91 95 100 102 111 116 133 134 135 145 146 147 154 155 156 159 166 171 172 183 194 195 197 198 204 205 209 219 222 224 227 231 237 252 253 262 264 265 268 269 276 295 297 300 311 313 314 319 322 328 330 339 354 366 380 382 391 398 400 407 409 414 415 419 420 421 426 432 433 442 443 452 461 462 464 467 474 475 491 506 508 509 516 517 518 520 521 522 523 525 531 543 546 548 558 559 565 566 569 592 594 597 602 606 613 616 625 630 652 657 658 666 675 694 697 699 714 720 722 728 730 742 745 746 755 756 759 766 773 779 781 786 791 793 797 798 799 800 801 802 811 816 823 827 829 830 850 854 858 863 877 885 892 904 910 913 925 931 940 942 952 957 970 979 980 982 986 996 999
 175
 1 5 8 17 19 21 30 35 52 56 70 88 93 94 113 119 122 127 133 139 141 143 154 157 159 163 164 179 180 185 186 188 190 194 208 211 214 215 220 225 227 232 236 240 246 248 268 276 280 285 289 292 295 296 299 302 309 310 315 316 321 322 325 335 339 350 362 368 374 377 380 390 395 400 407 408 437 444 454 456 457 459 460 468 472 473 478 481 499 502 509 513 522 525 527 528 533 539 541 547 555 560 567 594 595 598 602 609 617 620 625 627 638 639 647 654 658 659 665 666 671 678 692 695 705 710 718 721 723 728 731 735 747 754 755 759 768 779 784 785 786 791 801 813 817 821 822 824 825 835 839 847 848 861 872 880 891 893 894 898 903 906 909 915 921 923 934 941 944 945 952 954 959 961 977
 184
 6 8 13 17 23 28 35 39 40 42 43 49 54 58 82 86 91 93 95 98 100 102 104 106 107 115 117 123 129 130 134 136 149 152 160 161 165 166 172 179 180 182 186 202 203 212 218 219 220 223 229 230 236 238 241 249 251 255 260 266 270 274 301 303 306 321 323 328 330 338 340 358 369 371 393 402 403 415 427 432 434 436 441 450 462 470 480 486 488 494 500 507 509 510 514 517 519 526 539 545 548 550 557 560 562 565 570 571 578 580 582 583 584 589 594 596 611 614 625 627 643 660 666 681 682 693 701 724 734 735 761 763 765 767 771 773 775 778 780 783 788 791 797 802 808 809 814 816 824 834 838 841 845 850 855 860 861 863 864 871 885 888 890 892 893 894 900 911 912 923 929 934 935 937 942 946 948 953 963 967 980 983 996 999
 184
 1 2 3 6 8 13 30 31 33 35 45 52 53 56 57 59 62 64 66 71 73 74 78 80 82 88 91 93 99 101 105 116 122 130 131 133 136 143 155 168 178 181 189 190 192 196 215 218 224 229 235 243 246 249 258 261 262 266 268 273 278 281 299 326 327 328 332 333 347 356 358 359 370 372 377 381 389 396 426 428 434 465 469 473 475 477 485 488 491 492 495 510 515 519 520 529 548 553 570 571 582 584 590 593 600 606 613 618 628 630 641 644 646 652 655 658 669 670 674 675 678 680 683 685 686 691 694 698 701 709 710 718 719 720 722 724 736 740 745 752 765 779 785 789 795 796 798 799 800 801 802 806 811 815 818 821 824 828 829 832 833 835 836 854 860 865 884 887 889 892 897 899 904 910 918 927 928 932 935 943 961 976 980 987
 185
 5 24 28 32 34 35 36 41 45 50 51 55 63 65 71 72 75 76 80 82 85 92 98 99 101 106 119 125 128 130 132 133 134 136 142 145 146 149 154 157 160 168 175 182 185 200 210 214 227 230 233 235 240 252 260 266 269 276 280 288 291 302 304 318 323 333 339 343 347 350 359 360 362 371 376 382 385 399 402 403 412 413 417 418 420 421 424 439 440 451 452 457 465 469 476 488 489 498 502 512 513 524 525 535 536 540 545 548 550 552 559 571 576 584 588 591 592 595 610 619 627 629 630 633 646 648 654 664 665 680 684 694 709 710 712 713 724 735 741 743 750 751 752 761 774 777 779 799 812 814 815 819 820 825 836 839 847 864 866 878 886 898 901 914 915 921 922 934 938 940 942 944 946 953 962 967 973 975 976 978 979 983 993 995 999
 176
 7 10 14 26 27 34 36 38 39 45 47 48 49 51 58 62 63 64 65 66 79 80 87 94 103 104 113 116 118 121 122 135 160 161 162 166 172 180 183 212 219 222 237 238 239 243 256 257 289 294 295 299 300 301 302 310 324 331 332 338 342 351 358 365 383 387 388 392 397 399 412 417 430 435 437 441 443 446 450 454 460 463 467 475 479 480 481 482 484 488 489 491 509 511 512 514 515 516 522 537 539 561 569 570 571 574 575 585 586 594 595 602 603 612 620 621 624 631 645 647 652 659 676 689 690 692 696 705 715 717 718 724 725 738 741 744 747 752 753 755 756 759 760 763 766 780 808 814 818 827 833 845 846 854 855 859 865 886 901 902 911 913 917 921 931 934 954 958 963 965 970 972 979 980 982 998
 188
 1 11 13 18 20 30 32 38 41 43 47 53 60 69 71 73 77 78 79 82 83 84 93 96 97 99 111 116 120 121 122 125 134 136 140 152 161 166 182 188 195 196 203 212 218 223 224 225 228 232 233 235 238 253 256 260 264 269 271 273 276 278 287 306 307 312 319 321 326 327 332 339 351 352 353 355 368 372 377 386 387 390 396 400 429 430 436 455 458 466 470 474 476 479 480 485 487 489 498 505 510 521 525 534 537 538 546 547 555 558 567 573 577 584 589 595 600 614 618 620 623 624 632 634 636 637 640 647 648 663 667 673 684 688 694 709 716 723 724 725 731 736 753 755 756 766 768 776 787 789 792 805 813 818 819 832 840 848 849 858 866 888 909 917 920 924 927 928 930 937 939 942 943 950 955 956 957 964 965 970 982 987 989 994 995 997 998 1000
 177
 1 5 6 13 47 53 58 61 65 66 67 69 70 73 74 83 85 88 89 96 103 108 119 130 135 138 178 184 186 188 191 210 218 223 231 257 262 263 266 273 276 291 292 299 309 321 332 335 348 356 357 359 360 363 370 374 377 394 397 406 411 412 417 419 426 430 436 437 439 450 452 461 467 468 490 491 498 499 501 510 516 518 522 524 527 529 536 551 556 557 565 568 570 585 588 590 593 599 601 603 607 614 617 630 631 648 649 650 657 658 668 671 672 674 682 683 687 689 700 702 703 710 714 721 726 732 735 744 752 771 775 781 786 789 792 795 801 804 808 810 815 817 819 831 833 841 845 848 854 855 863 868 876 887 897 908 911 912 925 926 928 941 942 943 949 952 962 966 969 972 974 976 977 981 989 992 998
 188
 3 7 14 16 17 20 21 25 28 30 32 37 48 51 60 72 74 82 89 94 100 104 108 116 119 123 125 133 139 140 144 149 150 160 161 182 183 192 195 196 199 202 204 219 221 225 228 230 239 241 260 264 273 281 282 287 292 300 301 312 313 317 326 332 340 347 354 355 366 369 370 384 386 390 395 396 416 417 422 427 430 433 435 442 443 454 456 458 461 469 489 495 499 511 513 515 516 521 527 529 530 531 536 541 550 556 558 567 571 572 573 576 578 583 605 614 621 625 629 632 633 637 639 655 660 665 666 671 673 674 685 686 712 714 715 722 727 735 746 748 750 751 761 767 769 772 773 782 792 796 797 800 801 804 818 829 830 840 842 853 861 871 873 877 881 882 888 889 891 894 899 907 918 922 929 934 943 948 949 957 966 967 972 976 981 982 990 993
 183
 10 18 20 25 34 42 63 64 65 77 79 82 86 100 102 108 129 130 131 132 134 159 160 190 192 195 198 210 219 226 234 240 242 252 253 256 257 266 271 274 278 280 281 289 295 301 302 308 318 320 322 324 326 333 341 354 369 389 392 394 397 400 422 448 452 458 459 463 464 470 475 476 477 478 479 488 490 493 495 502 503 510 513 517 521 524 525 529 533 535 536 544 551 552 564 565 571 573 574 575 578 580 581 585 586 587 589 590 592 595 598 599 602 606 620 623 634 638 641 642 643 656 676 680 685 688 691 697 701 706 717 719 724 740 743 746 748 749 766 768 771 773 780 786 788 804 816 817 827 836 839 841 851 855 859 861 862 878 880 883 889 894 897 898 907 916 917 919 920 921 922 928 940 941 943 950 956 959 965 966 970 972 996
 187
 7 8 13 24 30 42 45 47 51 53 56 61 71 80 87 94 97 98 101 110 111 115 117 118 122 126 133 136 137 144 156 160 162 168 175 178 180 192 207 208 218 221 226 238 239 244 249 253 254 255 259 270 273 289 290 299 300 311 319 328 332 337 341 346 348 364 365 381 393 397 399 406 408 409 412 421 426 433 434 435 443 448 450 459 472 478 487 491 493 495 496 497 499 512 513 516 519 526 527 533 536 542 545 550 560 567 573 588 589 594 596 599 611 614 618 621 632 635 638 641 642 644 646 649 660 661 662 664 667 668 670 677 683 686 692 694 698 703 711 722 732 747 750 757 768 769 791 798 808 813 814 819 821 834 835 837 838 841 846 848 865 866 884 891 895 901 906 916 918 926 938 939 946 955 956 958 959 960 964 972 975 979 983 987 992 995 997
 185
 1 13 15 17 23 30 31 35 39 40 43 46 47 51 57 62 69 73 77 91 92 94 98 101 105 106 108 109 112 116 124 128 144 146 147 165 169 170 178 188 191 193 194 197 198 202 225 227 232 235 236 241 247 248 255 256 258 261 264 265 270 271 275 279 288 293 328 332 340 342 343 356 358 371 384 394 397 398 419 427 428 429 431 435 438 439 440 444 445 451 452 454 461 464 472 477 482 487 503 513 515 516 521 525 528 529 531 537 540 548 553 561 565 570 577 580 595 620 625 647 649 650 657 662 666 667 669 671 673 675 678 697 698 702 703 709 725 729 733 745 748 749 750 751 752 755 757 761 768 777 787 793 796 805 810 821 822 824 831 841 843 846 849 866 867 878 879 882 884 887 895 896 897 903 911 916 943 955 962 972 974 985 987 991 999
 203
 5 6 19 28 32 33 34 40 56 66 72 83 85 96 100 104 105 117 121 122 123 133 136 141 146 147 148 153 158 173 175 192 194 204 205 209 210 212 214 220 224 231 232 233 236 241 253 261 264 271 285 292 294 314 315 316 317 322 325 327 334 340 348 349 352 356 359 368 375 381 382 387 389 394 398 399 403 412 417 420 423 426 435 444 445 450 453 454 457 462 464 467 474 478 479 482 484 485 489 505 506 516 526 530 534 536 537 541 543 550 551 552 554 557 564 565 567 578 579 581 586 588 594 600 602 608 611 621 623 628 637 644 657 664 666 671 678 683 694 696 700 701 704 710 714 717 729 734 738 741 754 756 760 761 763 766 774 776 777 785 787 788 804 806 813 825 827 830 833 834 839 843 845 849 867 876 886 890 892 895 897 901 904 907 911 914 917 938 947 958 969 971 975 979 980 981 982 984 986 991 993 995 1000
 192
 2 4 9 12 15 20 21 22 28 30 34 37 41 44 49 55 56 61 65 70 71 72 77 86 89 92 95 102 113 122 127 128 132 146 149 154 162 165 167 180 184 193 210 222 225 232 237 238 261 262 263 264 274 281 282 286 288 299 315 319 322 323 324 325 343 361 364 366 374 375 377 388 402 403 404 406 407 408 410 422 437 438 443 456 465 469 478 484 490 493 496 499 511 512 513 514 518 522 529 533 534 541 543 547 549 550 567 569 571 575 578 584 585 587 593 600 607 612 623 627 629 636 638 639 648 654 661 662 668 677 680 689 690 691 692 693 697 700 709 717 722 726 727 730 732 737 755 756 757 767 771 783 784 789 793 796 804 811 818 820 827 833 834 841 845 846 847 855 857 858 866 868 881 885 895 897 901 905 908 914 916 920 943 944 946 957 964 970 975 977 980 990
 151
 18 20 27 29 35 42 44 49 60 68 71 75 80 88 92 94 109 120 121 128 131 141 146 150 157 175 184 195 205 206 207 210 214 217 220 222 224 248 263 274 290 293 304 307 314 332 336 338 343 344 349 364 370 372 373 376 388 395 397 398 400 402 409 415 416 418 428 431 440 450 456 457 460 462 469 475 484 493 496 506 513 514 519 524 526 533 549 566 571 591 610 622 623 632 656 661 667 677 684 689 701 712 719 722 728 735 739 746 748 749 751 754 760 761 763 766 772 782 785 786 811 828 833 838 844 853 873 881 886 896 905 911 916 939 943 945 947 952 958 959 965 973 976 981 984 987 991 992 994 995 998
 172
 10 13 16 18 22 26 49 51 59 60 61 66 70 71 74 88 90 96 102 103 105 109 110 128 129 130 139 143 144 148 150 166 170 172 176 185 194 209 213 215 216 235 236 252 256 258 269 275 296 299 300 302 308 316 318 324 327 330 331 332 337 342 344 359 365 371 372 387 397 398 413 421 423 429 432 436 437 440 443 454 466 470 472 473 476 483 485 486 500 511 518 521 522 527 536 538 543 544 565 570 580 588 589 591 597 607 610 619 620 621 625 636 637 640 656 668 669 683 694 704 712 719 725 726 729 736 737 739 746 747 749 754 765 768 769 772 774 779 782 785 788 790 794 798 800 803 804 807 813 817 824 836 847 848 853 858 862 865 880 883 886 899 911 930 935 949 953 957 960 970 974 997
 182
 2 5 17 18 20 30 44 52 59 79 84 85 92 93 95 103 118 137 141 144 146 155 161 165 168 185 186 187 195 197 200 202 204 221 223 227 231 239 241 242 247 249 253 255 260 261 269 280 282 284 300 308 321 324 327 332 333 340 341 346 351 361 362 364 366 367 370 376 379 384 408 410 411 412 413 417 419 424 425 441 442 445 449 453 455 459 472 482 483 490 492 522 523 524 535 539 545 549 550 556 560 566 568 574 578 581 590 593 597 604 624 635 638 642 643 647 648 653 655 656 658 668 673 680 684 695 698 701 702 720 723 728 730 734 735 740 745 746 749 766 772 773 779 789 790 791 795 804 812 816 829 836 839 840 841 845 857 863 867 870 872 875 886 893 897 899 900 901 911 912 919 929 947 948 955 957 963 967 970 984 988 994
 205
 2 5 6 8 10 12 23 25 31 37 45 48 50 51 56 68 69 70 72 74 76 93 100 102 105 113 116 117 120 124 128 129 132 135 137 140 146 155 158 160 161 171 174 184 186 187 197 201 204 205 220 226 234 238 240 247 249 250 251 253 265 274 280 281 283 287 288 296 300 306 307 312 314 316 317 322 331 335 337 338 339 343 348 352 366 373 377 385 394 395 412 413 414 423 430 432 436 467 469 470 473 479 484 485 498 499 504 506 508 510 512 520 522 530 539 546 551 559 563 567 571 575 577 580 590 595 596 599 600 601 605 606 610 613 631 633 634 642 648 656 661 662 667 669 671 684 689 700 702 704 706 709 711 712 715 720 730 738 742 747 757 760 777 779 782 787 788 794 796 800 803 806 810 812 818 819 820 822 823 829 831 838 839 847 850 852 853 869 876 881 893 912 920 923 925 929 936 940 946 962 963 964 965 971 978
 199
 8 15 26 31 33 36 44 47 48 53 57 66 74 81 90 99 108 112 129 130 131 133 135 140 143 145 148 149 162 163 167 175 182 185 186 189 194 196 206 208 219 230 240 243 249 261 262 268 269 285 287 288 290 291 297 298 299 300 306 323 327 331 334 335 347 348 349 355 359 361 362 371 373 374 377 379 380 381 382 384 385 389 394 395 401 403 405 413 417 419 423 425 431 432 434 439 442 462 463 464 466 487 488 491 495 497 498 508 509 516 522 524 532 535 537 542 550 552 560 567 568 570 585 594 597 601 602 605 607 610 613 616 619 622 627 630 633 639 641 642 643 661 678 679 680 685 688 689 695 699 705 707 717 732 740 741 742 746 777 787 788 794 800 802 808 818 827 832 837 839 853 856 859 860 861 864 871 873 876 883 886 895 897 903 906 912 914 916 925 936 939 941 948 952 956 960 976 993 1000
 193
 4 7 8 10 12 18 22 26 30 32 34 63 67 68 69 74 77 83 90 96 97 99 102 117 119 120 133 134 137 138 151 153 176 181 184 191 192 193 202 203 205 206 211 213 214 228 230 240 247 250 252 253 259 271 276 289 297 301 307 312 320 327 335 344 345 348 355 358 360 364 371 381 384 391 392 393 397 400 401 404 406 412 414 426 428 432 435 437 438 440 443 444 449 452 457 459 469 472 474 481 489 491 494 497 498 500 501 502 504 519 521 526 538 541 545 551 556 568 570 571 573 575 576 577 588 599 602 607 612 617 622 627 630 631 632 636 640 641 652 658 664 666 672 674 678 684 700 703 710 716 723 730 733 738 747 757 762 763 768 776 777 781 787 810 815 821 822 827 828 831 836 842 847 852 864 872 882 899 901 904 914 923 952 956 957 968 969 975 982 984 985 988 993
 161
 6 7 9 15 32 40 41 46 57 58 75 76 78 81 89 100 104 108 109 122 132 139 142 147 149 150 151 152 157 163 170 172 177 179 180 185 186 189 197 198 206 211 212 217 218 223 241 254 260 265 273 286 299 312 314 321 323 343 345 351 354 363 379 381 383 385 394 397 400 401 402 433 440 446 449 453 454 457 465 475 477 486 487 489 491 499 511 517 531 533 536 542 543 561 578 593 602 608 610 613 620 627 631 637 652 655 660 670 682 684 691 693 695 707 712 713 714 721 723 724 726 727 730 735 740 745 758 772 777 779 781 793 799 802 810 815 823 832 849 851 853 854 856 857 859 865 868 886 894 897 910 914 916 920 932 937 945 946 948 960 982
 196
 1 2 4 7 17 22 25 39 42 56 59 70 75 80 85 96 98 107 110 114 115 123 124 127 131 139 143 146 151 152 153 154 156 160 165 166 176 179 181 187 194 196 205 215 218 221 224 226 236 240 256 260 261 267 268 270 293 294 302 307 308 309 314 323 327 332 340 349 352 353 356 363 364 371 377 379 389 390 398 402 411 416 430 435 437 438 439 447 451 455 456 459 460 462 470 473 481 483 487 491 493 494 497 505 512 520 524 534 535 538 540 546 547 549 550 554 556 557 560 564 573 588 599 621 628 630 634 647 650 655 660 670 673 674 682 694 697 704 706 710 714 722 723 729 737 743 745 750 751 754 769 771 773 779 780 789 791 793 820 826 828 838 839 852 853 863 869 871 874 875 876 881 902 914 918 919 921 924 925 927 928 929 933 936 945 946 955 963 975 976 986 987 991 995 996 1000
 180
 2 4 8 15 21 49 50 66 68 78 80 82 84 88 97 98 101 102 109 112 114 123 124 125 127 134 139 155 159 162 170 178 189 198 201 203 204 205 210 213 214 217 225 236 247 248 252 253 259 262 267 275 276 279 284 288 289 290 293 297 300 305 306 308 315 318 324 337 339 359 365 366 375 378 379 380 381 385 389 393 406 413 415 420 427 434 435 438 445 448 452 454 455 459 466 468 469 483 491 492 499 501 513 515 516 519 538 544 547 556 567 585 606 617 623 634 637 642 644 647 648 649 664 668 673 674 678 682 693 703 705 714 720 726 732 734 738 741 754 776 782 786 790 801 803 806 808 813 818 819 820 824 827 829 835 841 843 857 871 874 877 879 889 913 914 916 922 923 924 937 938 940 951 956 968 980 986 988 996 999
 168
 1 9 12 19 21 27 29 37 43 52 53 55 69 70 73 81 84 86 94 102 109 117 136 149 154 163 165 167 173 181 185 186 189 192 197 202 206 207 211 212 219 224 227 228 234 240 251 267 276 293 298 304 309 310 311 316 323 329 333 347 348 349 352 358 363 366 367 393 397 402 406 423 425 434 436 446 452 455 462 465 466 476 477 487 496 507 529 547 555 566 575 585 591 593 601 606 611 618 619 620 622 632 647 653 666 669 678 687 690 698 701 707 713 721 723 728 731 732 734 739 743 750 757 760 761 766 769 771 772 774 785 798 801 802 805 809 810 811 812 813 814 832 833 836 838 841 864 866 867 880 889 893 901 902 905 907 915 930 933 934 941 951 958 965 970 982 989 995
 195
 2 5 6 11 31 33 37 48 49 54 60 64 67 85 90 92 109 112 119 130 135 138 143 146 148 155 157 158 160 168 169 176 177 181 182 185 187 202 207 210 212 218 225 238 246 248 250 251 260 264 265 268 270 283 286 289 296 297 300 304 324 330 331 339 344 347 358 363 368 369 375 377 381 383 385 388 389 390 392 395 397 401 408 410 414 416 423 425 428 447 457 472 478 480 487 492 495 500 501 506 509 517 522 525 526 530 531 553 554 559 560 565 568 571 576 582 589 591 597 604 605 611 615 617 627 636 646 649 651 659 662 663 665 668 686 690 695 714 716 724 728 741 743 752 755 756 762 763 765 771 772 786 790 795 799 804 807 818 820 828 830 831 832 838 841 843 845 856 857 863 866 867 874 885 886 891 893 903 904 915 922 932 933 935 943 944 949 955 958 969 977 979 981 983 989
 191
 7 16 27 31 32 42 60 64 67 69 70 73 79 82 83 84 86 100 105 111 140 142 144 153 156 165 174 182 186 193 200 202 206 207 215 221 227 230 231 236 238 248 249 254 257 258 270 283 287 290 302 303 304 305 327 338 343 349 363 364 369 374 376 384 389 390 392 396 400 413 418 422 425 427 429 434 438 443 450 451 458 459 463 473 479 480 491 492 494 504 510 514 516 528 529 532 534 535 538 541 547 549 553 563 575 577 583 584 586 595 596 609 611 612 618 630 641 652 653 655 656 658 659 663 664 665 674 679 687 692 703 707 716 718 724 728 737 742 743 748 749 754 755 759 770 778 779 781 785 786 787 791 814 815 819 820 825 826 843 851 854 881 887 892 898 905 908 910 911 915 918 926 927 930 932 933 943 946 948 952 955 961 963 965 969 975 980 986 987 991 1000
 200
 1 5 10 12 13 22 23 24 25 31 44 56 66 74 83 89 90 93 97 100 104 108 110 111 118 120 138 146 157 162 164 170 191 195 196 197 198 201 205 208 210 222 225 227 245 253 258 263 272 294 295 299 302 311 312 313 318 320 326 330 332 333 336 338 341 350 360 361 367 376 378 387 388 389 393 395 402 410 421 427 434 437 469 470 490 498 510 520 524 526 538 539 543 547 548 549 550 551 554 555 558 564 565 566 575 576 583 584 585 589 590 597 598 610 624 626 628 629 630 632 640 647 650 653 656 658 664 665 668 672 686 689 691 692 693 700 704 711 726 737 739 742 756 758 769 772 773 775 782 789 796 800 806 812 815 818 824 826 830 832 834 837 845 851 852 853 856 861 866 883 884 887 891 900 902 910 912 916 918 921 922 929 931 952 954 955 957 963 965 967 978 979 981 986 989 990 991 993 997 998
 161
 5 15 19 20 29 46 47 56 61 63 64 67 69 84 90 92 93 94 96 97 101 105 108 114 116 117 120 126 135 138 153 158 168 174 187 197 202 205 208 209 215 217 219 226 228 231 232 237 245 265 274 286 296 297 304 307 308 329 332 368 375 378 379 384 398 405 420 424 428 439 441 442 449 467 471 472 478 480 488 497 500 518 523 526 527 533 546 559 565 567 574 578 588 601 607 612 617 619 622 628 635 636 639 643 652 663 671 675 677 681 695 698 705 724 737 741 744 749 753 755 767 775 783 784 788 792 799 802 807 808 820 822 828 837 845 850 851 856 862 876 878 892 893 902 904 905 906 907 917 918 927 934 940 944 946 947 954 976 977 983 986
 187
 2 14 17 20 21 24 30 43 47 48 52 55 61 63 66 72 82 99 105 120 145 146 148 158 168 170 171 172 178 184 185 187 203 204 212 213 215 218 222 231 239 242 253 258 274 278 284 286 302 314 315 316 320 322 325 329 333 334 338 341 346 347 349 350 356 367 368 372 373 374 378 395 396 401 405 406 409 411 413 414 431 434 435 437 445 446 451 460 481 484 485 494 501 510 518 519 520 524 532 534 535 536 543 552 554 555 563 564 568 574 576 580 585 586 589 594 612 624 628 637 638 640 645 650 654 657 662 668 672 673 678 680 682 686 687 688 694 695 700 704 710 714 737 738 746 748 751 754 759 762 769 776 780 783 793 797 804 817 823 837 844 847 852 857 868 873 884 887 903 905 908 909 912 913 920 925 933 935 945 947 956 960 976 990 997 998 999
 170
 16 27 28 32 40 42 43 44 45 52 58 60 64 67 69 76 79 81 82 86 88 93 104 128 143 147 148 152 157 163 164 166 172 180 189 203 217 227 229 237 241 247 250 286 299 302 323 325 335 351 352 358 366 374 377 381 393 394 399 404 411 423 427 444 446 452 454 456 461 473 474 476 477 479 481 491 503 510 512 523 526 530 531 533 538 541 552 558 568 570 585 587 588 593 594 595 596 603 618 625 626 627 629 641 644 646 648 649 657 659 668 676 680 684 691 692 693 699 716 721 722 727 733 737 748 749 757 761 770 783 784 804 817 820 823 824 832 838 840 841 842 849 854 857 871 872 876 891 894 899 904 906 914 917 920 926 932 935 946 947 951 955 957 961 964 971 980 990 995 996
 168
 3 4 5 6 11 16 17 24 25 31 37 41 43 54 55 58 69 75 88 98 104 105 110 111 114 123 156 168 170 173 179 181 182 195 198 204 211 212 215 216 233 234 247 248 255 256 271 280 303 305 306 325 326 332 339 362 365 375 390 393 394 411 412 428 432 434 435 437 445 446 447 453 456 460 464 476 483 485 487 488 496 506 518 527 529 530 535 536 541 546 548 558 562 566 571 581 586 588 590 591 605 610 616 620 624 626 635 637 646 650 661 668 669 672 677 684 688 692 697 706 715 716 727 733 741 742 743 747 748 757 758 766 768 775 780 792 794 801 802 804 807 813 824 831 852 853 854 861 864 867 882 897 908 911 912 913 916 917 919 923 943 946 956 974 977 982 996 998
 189
 8 9 21 25 27 28 31 32 33 47 50 53 58 67 68 76 80 85 88 97 107 109 112 114 119 121 122 127 130 131 142 151 152 158 161 169 177 181 183 187 189 190 195 197 203 212 214 215 231 234 244 248 249 258 260 264 268 276 277 283 284 292 304 308 309 312 315 320 322 327 334 336 338 353 359 361 383 386 391 402 413 418 419 422 423 438 440 446 453 476 484 486 489 494 496 497 502 507 512 514 517 518 523 528 530 536 549 550 559 563 566 568 569 575 581 584 592 601 605 618 631 637 640 644 654 661 663 665 666 673 675 677 683 684 686 694 704 711 722 723 725 737 742 743 752 755 757 762 763 768 773 774 780 796 797 808 810 818 822 838 842 844 846 853 858 861 872 874 875 878 889 898 905 910 912 913 914 926 943 950 953 954 969 972 975 988 990 994 999
 185
 4 27 30 32 35 38 41 53 54 55 61 62 63 69 86 93 98 100 102 109 112 126 127 129 130 131 143 153 154 156 165 173 176 178 185 192 203 204 210 227 228 234 236 241 242 257 263 272 275 286 306 310 313 314 318 322 334 341 343 359 364 369 374 379 387 391 403 404 416 421 422 426 430 434 438 448 453 456 461 466 475 479 480 486 489 511 512 513 515 518 520 525 526 537 539 540 548 562 563 566 572 576 590 592 593 603 608 621 622 632 637 640 641 646 650 654 656 661 672 681 684 696 697 704 706 707 709 714 727 728 729 737 747 749 750 752 753 754 758 759 761 766 770 774 786 798 804 806 809 824 825 828 842 844 851 859 877 878 881 882 888 892 897 907 912 913 914 922 927 941 944 945 949 950 955 956 957 958 965 968 979 989 990 994 998
 181
 10 14 20 24 30 35 36 42 55 68 70 74 78 89 93 103 108 112 115 120 134 136 146 150 152 156 161 168 176 180 203 209 213 218 219 231 239 247 248 252 259 260 264 267 271 274 278 282 285 298 303 308 316 322 323 325 327 328 331 335 350 354 364 370 371 378 381 390 397 399 405 410 415 424 429 435 441 444 454 455 459 461 466 469 472 474 482 484 494 501 508 511 518 520 523 535 538 540 553 554 555 562 569 571 573 576 577 578 600 602 620 621 626 630 635 636 656 664 668 669 671 676 677 695 702 704 710 711 717 727 729 730 741 742 743 747 748 751 755 763 766 769 772 773 795 799 801 804 825 829 834 850 851 855 860 864 870 882 887 891 901 906 909 912 922 923 929 930 931 933 939 943 944 948 953 956 981 987 990 995 998
 188
 5 11 12 14 17 40 43 47 48 56 62 64 65 68 73 77 81 94 98 107 120 123 131 134 141 142 149 156 164 167 169 173 182 183 191 197 203 205 214 218 222 224 227 245 246 252 254 257 266 268 281 286 290 292 294 297 314 316 325 326 327 329 334 343 344 345 350 352 361 363 365 367 371 378 390 392 394 399 400 413 416 418 420 421 443 444 449 451 462 468 469 477 480 485 489 492 499 506 513 515 516 517 520 542 543 562 566 569 579 582 586 592 596 610 615 618 621 623 628 638 639 645 649 652 654 668 671 678 679 682 695 696 704 711 720 721 722 744 750 760 764 772 779 788 793 798 807 808 811 812 814 816 821 822 824 834 836 839 843 844 854 859 862 868 870 878 883 885 888 892 904 905 911 912 931 940 948 950 951 962 965 968 972 977 980 983 985 991
 190
 3 21 27 31 33 34 35 36 41 53 85 88 89 94 108 122 123 130 158 159 161 162 164 170 176 180 181 185 202 216 219 224 228 230 232 236 238 241 242 244 245 247 252 261 262 269 273 277 288 289 296 301 303 306 311 325 337 338 344 345 364 365 375 378 381 382 385 390 414 415 416 432 433 441 443 446 448 451 458 464 467 475 489 490 499 500 503 515 521 528 533 536 540 541 542 545 548 573 574 582 591 594 599 614 618 620 627 629 632 634 636 637 644 659 662 666 667 678 691 694 697 700 704 705 710 712 716 720 731 732 734 739 740 747 753 755 757 766 769 773 777 786 787 790 801 806 807 808 811 812 819 820 823 824 828 830 842 848 852 854 858 859 864 865 876 879 882 885 886 890 900 902 913 922 924 932 935 940 954 955 962 963 965 970 971 976 977 978 979 996
 182
 1 2 4 11 28 37 38 42 52 53 54 56 59 65 66 68 79 80 84 89 97 101 102 112 113 119 123 130 132 138 140 147 153 159 161 164 167 169 182 184 186 194 199 207 209 210 213 214 222 228 230 233 234 238 240 254 255 258 265 266 267 268 271 272 274 275 283 292 302 313 320 325 328 329 336 338 345 362 377 382 395 400 402 408 416 422 427 429 439 440 449 458 461 465 473 474 488 497 503 505 513 521 522 526 530 535 537 547 565 569 570 571 573 574 575 585 605 621 622 629 632 634 636 638 644 647 648 654 655 660 664 680 690 695 697 703 705 714 715 718 722 724 732 736 738 744 754 755 759 760 782 783 799 801 820 829 837 844 854 880 882 894 898 900 907 910 911 915 917 922 926 931 932 935 939 946 947 950 952 955 970 975
 181
 18 21 27 29 33 36 37 40 61 63 64 66 67 68 70 79 91 93 96 104 105 113 121 126 127 130 136 139 140 148 149 153 162 170 171 193 198 199 201 206 207 208 210 214 215 220 225 228 232 234 238 240 241 248 250 254 255 258 262 265 287 292 293 296 303 306 309 316 319 330 334 343 346 360 364 368 372 373 375 379 380 382 384 389 399 406 410 413 414 443 448 455 461 462 465 486 488 491 497 515 516 537 543 545 554 560 562 563 573 576 577 583 584 587 589 591 593 594 599 602 611 612 614 615 634 661 662 664 667 670 692 697 700 718 721 723 726 739 741 744 751 765 766 767 770 793 797 798 801 806 809 810 826 829 832 845 851 859 863 864 870 871 872 875 880 894 900 912 914 918 939 940 947 956 960 972 974 975 978 989 990
 184
 20 23 26 27 29 30 37 42 44 64 67 70 73 76 96 108 110 121 122 125 126 146 153 159 164 165 170 171 189 199 205 211 216 223 228 229 232 233 243 245 255 262 273 283 293 299 304 305 306 307 336 341 343 344 354 364 372 375 378 384 387 398 400 403 405 410 421 431 432 434 437 440 441 451 455 458 468 476 479 486 490 510 511 522 526 529 531 534 535 538 544 546 549 559 562 564 568 569 570 573 581 592 598 599 610 615 617 628 630 631 635 637 643 647 660 664 671 675 680 681 682 683 685 695 698 699 706 709 716 722 724 725 726 728 747 748 757 758 764 780 784 789 794 797 799 800 803 805 806 807 809 812 816 827 828 834 842 853 860 865 869 878 879 896 901 903 905 906 912 921 923 925 926 927 931 934 940 941 945 973 976 987 989 991
 158
 9 15 16 19 29 31 36 43 45 47 52 63 70 97 99 101 105 107 108 111 112 113 116 118 134 136 137 140 151 158 162 165 170 172 176 182 184 190 205 208 211 219 223 225 234 251 253 254 258 265 274 278 280 287 290 297 298 315 325 326 334 349 355 379 406 408 410 417 421 426 434 437 448 450 455 458 465 468 472 474 475 481 487 490 498 503 510 519 526 529 532 538 539 550 553 554 567 570 571 574 584 589 600 609 611 613 620 621 626 629 631 640 642 645 647 663 678 681 691 693 700 706 711 726 743 745 749 754 771 781 782 790 792 807 810 812 813 815 816 819 834 848 855 868 874 889 895 910 915 932 934 939 946 948 960 973 977 986
 188
 26 45 47 57 58 61 62 63 67 73 79 85 94 99 106 110 122 131 139 142 145 149 152 158 159 169 170 173 175 176 183 192 197 199 206 207 219 224 234 235 237 241 247 250 270 277 282 288 293 305 310 312 313 338 343 348 349 359 360 361 369 371 377 378 379 380 381 383 386 393 404 412 415 422 423 442 444 446 455 458 463 472 473 480 485 491 492 494 505 506 510 515 516 517 523 530 533 534 542 559 561 562 563 564 567 574 575 577 582 591 595 596 598 609 610 611 615 629 642 644 652 653 657 661 672 673 675 676 678 679 680 681 687 701 704 708 714 717 727 728 735 738 740 741 745 754 755 760 767 774 778 790 795 799 801 808 814 821 824 826 827 831 833 835 840 848 852 855 860 863 866 868 875 879 889 894 896 898 900 907 915 916 926 956 962 976 982 1000
 188
 4 5 9 13 17 22 32 36 56 58 61 69 70 73 79 84 111 117 119 127 130 133 136 150 155 158 167 169 170 176 182 190 192 194 208 214 216 217 219 231 237 238 246 247 250 260 276 278 291 294 296 297 299 316 324 336 338 339 349 351 354 360 371 373 375 378 387 392 403 406 410 411 425 426 433 438 463 464 473 481 483 487 489 496 506 508 511 515 519 521 525 526 530 531 533 534 548 555 556 558 560 566 576 584 588 589 592 594 612 615 627 631 634 636 646 659 661 670 681 689 700 708 715 716 727 728 729 736 737 743 753 754 757 758 766 767 768 770 772 775 780 782 790 791 792 795 802 809 813 817 821 824 829 836 845 859 860 862 865 870 875 878 885 888 892 897 900 901 904 905 907 915 916 919 922 925 928 930 931 935 943 947 960 970 971 981 983 984
 165
 14 24 29 32 36 37 39 41 44 49 55 63 77 84 91 92 97 107 110 119 125 127 136 140 150 152 155 164 167 168 175 193 197 211 212 215 232 233 234 239 242 243 244 253 259 265 266 273 274 282 284 293 295 313 316 320 327 329 330 334 342 346 347 349 352 353 354 360 369 374 383 392 410 414 416 420 422 424 451 487 500 512 517 518 533 544 550 556 560 582 585 601 610 611 623 630 631 633 639 655 670 674 677 683 684 691 694 695 698 718 726 732 753 756 757 761 765 778 779 792 797 804 805 815 816 820 826 827 831 834 836 839 845 848 856 857 860 864 867 869 874 878 881 886 892 900 915 918 921 924 925 951 963 967 969 970 971 975 976 979 982 985 987 989 992
 184
 2 6 8 16 28 36 38 40 41 45 46 48 59 77 78 87 93 96 98 107 108 117 118 120 125 135 150 162 166 175 198 199 202 204 206 210 222 230 233 241 265 276 278 281 282 287 290 298 306 316 319 325 340 348 351 352 353 357 360 361 363 369 370 373 374 380 387 394 402 409 412 413 416 423 424 431 436 443 451 456 459 461 464 466 467 476 478 482 483 484 485 486 490 492 503 504 508 516 518 542 546 549 552 553 558 565 569 576 579 588 591 599 601 605 607 613 614 617 618 624 632 637 643 647 649 651 662 666 667 672 676 694 695 696 699 707 721 725 728 730 734 750 754 756 758 762 764 768 777 780 791 798 799 807 811 813 815 818 828 830 836 840 843 847 849 854 867 879 880 887 890 904 905 926 935 948 949 957 961 975 986 991 993 996
 173
 6 7 10 14 28 32 38 44 47 50 51 64 69 72 73 77 99 101 112 119 126 129 134 145 149 150 164 174 176 178 206 207 213 215 218 220 221 235 244 248 249 251 255 258 262 263 268 283 288 291 295 299 301 305 311 314 319 329 346 350 352 360 366 381 385 397 398 409 413 414 415 416 420 421 426 428 429 432 436 449 462 469 483 487 490 501 502 503 504 505 513 516 517 521 524 525 527 530 534 537 541 555 557 563 564 570 573 576 586 590 591 605 624 627 634 635 639 649 650 652 662 673 675 676 681 694 706 720 732 734 738 753 762 764 766 767 769 774 778 784 790 797 811 815 817 827 831 832 833 834 839 840 848 857 858 862 863 876 878 884 885 887 890 892 897 900 914 919 920 926 944 976 997
