2
 40   200
  185  157   42  177  156  101    2   42    5  190
  120  104   56   46  188   45  117  112   32  197
  145  115  159  172   83  139  115  196  104  169
  177   68  145  146  157  156  123  159  141   86
  139  115  143  108  188   79   25   93   36  143
   64  120  146   71   35   56   58   26   30  153
   76   84   59   28  109  131   99  148   33  188
  194   46   84  162   70  173  159   90   89   79
  121   16   23  117  159   11  200   46   85  117
   25  176   81  178   15   89   92   99   22   42
   61   47  158    8  163   92  142   99  129  199
  193   34   14  180  119  166    9   66   55   53
  131  175  184   47   29  187  190  134   64  146
  136  174   58   84   33   11   67   96  160   84
   63   81   65   28   85    7   57   93  149  144
   51   14  182   36  194  186  121   52  158  171
  103   18  169  177   30  162  132  156  187   70
   72  168   42  139    5  103   65  117   95  138
    3  167   36  173  132   17  118   95  119  150
  143   21  183  148   50   51  130   99  114  136
  115  199  102  111   64   55   89   45  159   57
  140  126   86   27  172   23   77   84   72  122
   18  135  188   66  152   40  144  160  122  110
  134   13  108   34   11   94  113   39  136   66
  125   24   26   61  156   15   75   59   32   96
   49  156   41   97  110   81  199   80   19   56
  177  114  153  191  160  138   98   66  126  106
   36   10   42  130  105  110  142  163   38  175
  199  184   69  198  117   94  160  101   89  192
  135  102  109  133   95  200   52   12   73   31
  177  107  101  173   75  175   39   23  144  175
  173  191  165   91   35   61  154  184   26  148
   42  165  170   16  135    4   91  118   30  189
  183  135  158  195   28  177   33    3   71  135
    7   20  155   77  124  151   66  172  127   82
  135  142  141   29   19  196   18  152   18   84
   20   81  101  161   18  141  134   75   78  163
  129   21  169  168  183  153  150  190    8   85
  112  131  124  175  138  107   84  197  110    4
  171    5    7  169   77   54  140  139  181   61
 12
 24 25 27 37 69 103 125 135 149 163 168 198
 8
 4 92 106 107 135 152 175 199
 7
 31 44 52 56 141 166 177
 9
 32 67 77 86 101 127 149 168 192
 10
 2 13 25 61 102 117 141 147 162 191
 12
 6 7 18 22 30 37 67 74 99 131 140 186
 16
 2 12 49 55 62 75 81 84 87 93 109 121 125 159 172 195
 9
 33 46 79 94 100 150 154 157 195
 8
 24 42 85 95 103 104 125 187
 5
 69 114 153 175 189
 7
 28 34 66 73 132 148 156
 9
 12 33 71 111 120 123 155 179 183
 4
 29 82 96 166
 8
 8 16 39 88 92 101 143 180
 19
 1 18 28 29 35 42 44 53 57 61 64 76 81 108 111 123 158 167 186
 12
 25 30 38 70 80 120 128 160 171 176 181 187
 8
 15 17 55 116 165 178 183 200
 7
 3 10 15 64 132 178 188
 5
 19 49 83 96 151
 7
 23 50 90 136 145 176 196
 13
 26 40 50 84 88 133 138 144 146 163 170 191 200
 14
 5 11 17 29 43 51 68 71 107 139 145 178 190 198
 8
 22 35 54 90 122 177 184 185
 9
 9 20 32 45 91 104 113 161 164
 12
 4 20 31 60 87 97 121 122 130 156 169 199
 10
 9 29 75 118 135 143 157 171 184 197
 10
 13 48 58 106 125 140 142 153 174 175
 8
 21 63 66 78 89 102 105 133
 7
 19 27 62 139 162 188 193
 10
 1 48 60 87 109 111 118 134 185 189
 6
 5 14 76 78 137 169
 11
 26 41 63 94 114 115 116 151 173 182 194
 8
 36 41 70 79 124 137 172 174
 8
 10 23 47 68 85 98 131 164
 6
 45 59 105 113 155 180
 10
 11 39 56 74 80 100 110 129 130 148
 10
 52 53 65 91 93 119 127 135 161 167
 7
 36 59 65 126 158 160 175
 8
 57 77 112 128 170 182 194 197
 5
 72 99 110 134 150
