2
 40   200
   75   75   75   75   75   75   75   75   75   75
   75   75   75   75   75   75   75   75   75   75
   75   75   75   75   75   75   75   75   75   75
   75   75   75   75   75   75   75   75   75   75
   75   75   75   75   75   75   75   75   75   75
   75   75   75   75   75   75   75   75   75   75
   11   11   11   11   11   11   11   11   11   11
   11   11   11   11   11   11   11   11  177  163
  155  155  155  155  155  155  155  155  155  155
  155  155  155  155  155  155  155  155  155   83
   83   83   83   83   83   83   83   83   83   83
   83  130  130  130   33   33   33   33   33   33
   33   33   33   33   33   33   33   33   33   33
   33   33   33   33   33   33   33   33   33   33
   33   33   33   33   33   33   33   33   33   33
   33   33   33   33   33   33   33   33   33   33
   33   33   33   33   33   33   33   33   33   33
   33   33   33   33  128  128  128  128  138  138
  138  138  138   80   80   80   80   80   80   80
   80   80   80   80   80   80   80   80   80   80
   70   70   70   70   70   70   70   70   70   70
   70   70   70   70   70   70   70   70   70   70
   70   70   70   70   70   70   70   70   70   70
   70   70   70   70   70   70   70   70   70   70
   70   70   70   70   70   70   70   70   70   70
   70   70   70   70   70   70   70   70   70   70
   28   28   28   28   28   28   28   28   28   28
   28   28   28   28   28   28   28   28   28   28
   28   28   28   28   28   28   28   28   28   28
   28   28   28   28   28   28   28   28   28   28
   28   28   28   28   28   28   28   28   28   28
   28   28   28   28   28   28   28   28   28   28
   83  101  101  144  144  144  144  144  144  144
  144  144  144  144  144  144  144  144  144  144
  144  144  144  144  144  144  144  144  144  144
  144  144  144  144  144  144  144  144  144  144
  144  144  144  144  144  144  144  144  144  144
  144  144  144  144  144  144  144  144  144  144
  144  144  144  144  144  144  144  144  144  144
  144  144  144  144  144  144  144  144  144  144
 22
 1 10 40 47 50 51 70 71 76 93 139 150 157 164 166 172 182 188 191 193 194 199
 23
 4 15 34 36 40 42 44 45 54 56 57 64 66 67 74 111 126 138 171 173 186 187 190
 17
 6 23 28 31 35 38 62 71 93 108 110 130 142 166 173 174 192
 19
 3 4 36 38 57 60 80 82 107 118 124 134 137 142 148 156 162 171 179
 16
 1 23 42 49 56 63 66 89 102 109 160 164 173 182 185 198
 17
 2 19 23 27 28 33 90 92 95 132 134 136 160 174 184 186 191
 18
 4 7 32 44 63 76 79 86 96 109 124 145 153 164 171 182 185 192
 16
 1 46 72 78 81 87 88 91 100 125 143 147 160 170 190 192
 20
 8 9 11 32 40 42 53 63 65 75 81 85 89 109 150 152 156 161 180 200
 22
 7 10 20 48 58 71 76 79 91 112 113 121 130 131 132 135 140 158 159 161 173 175
 16
 18 52 76 92 100 114 115 128 129 149 159 175 176 193 196 197
 23
 5 21 32 45 46 53 66 81 82 97 115 117 119 120 129 138 141 153 159 178 188 191 199
 19
 16 29 35 48 55 56 90 100 104 113 130 140 150 156 161 168 180 183 199
 21
 11 12 13 20 37 47 48 49 73 77 82 83 86 88 107 108 122 124 150 170 196
 15
 12 17 23 31 39 67 92 98 103 108 109 142 148 162 194
 19
 6 10 27 37 46 56 58 65 70 79 109 127 129 162 175 179 181 195 198
 19
 10 34 49 51 54 56 57 75 84 87 110 114 116 122 166 176 190 195 196
 28
 1 3 7 15 21 43 48 51 73 88 98 101 102 104 108 109 111 119 125 126 140 144 158 160 176 178 199 200
 22
 2 3 4 10 19 30 34 52 54 64 65 68 72 82 93 119 126 155 165 177 191 200
 21
 22 34 35 41 42 52 54 59 71 74 77 83 93 124 136 139 158 168 172 188 199
 19
 2 9 17 18 27 57 69 84 85 87 105 112 134 136 141 146 157 160 181
 16
 20 25 46 55 94 107 114 120 125 140 143 151 170 176 182 200
 26
 5 9 10 12 37 41 53 54 56 59 69 89 99 100 120 122 147 153 163 176 180 185 187 190 193 195
 17
 8 29 33 38 45 58 66 83 86 101 135 137 146 151 165 176 185
 22
 5 15 17 19 20 21 26 32 45 49 83 88 107 115 120 169 172 175 180 187 193 200
 15
 24 26 29 31 47 51 56 71 74 104 109 150 152 186 194
 23
 1 12 16 17 19 34 39 40 54 63 67 70 92 94 103 129 130 136 143 152 162 164 189
 17
 1 8 20 57 58 99 113 117 127 134 154 167 174 175 185 186 189
 21
 2 10 25 50 70 77 96 106 108 119 122 123 143 148 149 152 163 175 183 184 189
 24
 14 16 22 27 34 43 52 55 61 66 80 108 109 121 128 138 147 148 155 163 164 169 184 191
 21
 31 32 40 43 49 50 51 54 68 71 74 87 98 123 146 154 171 173 180 185 186
 16
 2 11 22 24 36 104 131 139 170 175 180 181 185 195 197 198
 20
 1 12 23 32 36 43 55 60 68 88 95 103 106 119 143 146 164 165 167 191
 23
 7 20 30 39 45 54 58 62 66 84 86 97 101 108 113 114 117 133 140 142 145 163 184
 27
 16 19 22 33 36 42 47 54 79 82 83 85 88 97 105 109 128 131 148 150 154 162 167 191 193 198 200
 29
 1 13 15 30 42 44 45 59 60 61 80 87 88 89 96 109 111 117 118 120 128 130 142 145 155 161 176 192 197
 26
 1 5 6 7 20 31 55 71 73 74 87 89 93 100 106 108 123 132 133 166 168 177 178 185 188 193
 22
 1 2 18 24 28 31 41 48 64 83 85 95 114 116 132 134 135 144 161 178 183 189
 24
 1 7 12 17 22 27 39 44 48 61 63 84 87 92 94 96 102 112 129 136 161 171 179 193
 16
 1 3 13 14 42 49 78 119 122 134 138 140 146 152 178 199
