2
 60   600
  335   72  179  163   69  421  348  178   98   75
   15  598  230  467  266  144   43  420  188  582
  227  493   93  315  390  161  516  336  177   38
  276  477   58  370  508  199  444    9   11  220
  385  461  261  234  335   65  229   54  597  466
  224  439  574  116  473  370   69   42   63  200
  549  319  536  506  441   79  579   80  109  533
  182  295  201  600  403  319  540  190   88  360
   98  493  126  217  327   62  160  440  196  261
  102    3  208  397  300  559  291  230  286  121
  583  589  187  228  512  380  397   84  202  217
  244  457  567  555  331   17   99  415  514  469
  341  323  262  564  578   81  282  196  126  509
  223  577  555  423  214  504  135  492  589  407
  545  158  172   63   27  184  287  352  490  331
  172  435  134  198  413  489   10  185  175  417
  380  296  370  440  410  465  173  138  431  310
  412  224  206   41  159  600  108   59  479   63
  574  120  599  312   90  316  549  143  382  474
  339   94  581   10  179  277  195  309   16  368
  446  509  148  408  370  107  460  230  357  480
  279  485  493  435  101   27  114  521    5  247
  340  127  364  556  240  144  179  473  549  299
  548  256  112  375  581  226   88  246  502  197
  416   66  532  235  379  372  370  121   56  194
  305  121  535   98  197  488  295  396  504  362
  294   91  543  554  213  293  128  567  478  436
  546  145  261   56  202  314  555  462  289  582
  367  337  249  104  559  543  335  355  413  520
  323   29  402  301  317   14  536  196  232  566
  594  116  326  480  373  290  322  280  243  337
  166  479  400  262  490  282  180  572   16  324
  280  211  419    8  420  261  371  572   82  314
   68  219  276  556  172   67   57  392   85  595
  246  416  149  187  358  394  104  536  589  150
  453  582  311  471  456   40  138  442  567  272
  445  435  549  113  140  372  599   43  163  297
  178  461  233  508  278   45   10   80  125  245
  172  181  459  462  104  142  496  186  244  121
   91  288   80  234  361  366  143  430   95  544
  117  106  169  446  226  207  224  139  415  276
   89  433  126  542  560  213  495  437  129  400
  143   63  271  444  102  222  110   65  251   33
  395  557  584  334  480   10  337  194  300  245
  120  242   90   53  422    1  244   85  303  475
  383  250  187  452  534  114   27  264  458   56
  165  539  388  313  555  497   17  219    4  101
  446  284  418  301  431  466   98  100  165  144
  138  197  137  426  279  162  166   20  592  171
  340  591  177   71  472  315  214  205   65  456
  215  484  536  108  537  454  282    2  120  238
  381  467  585  373  590  161  410  396  510  333
  115  302  160  562  430  521  540  465   49  386
   18  398  188  298   35  287  591  301   69   69
   62  583  311  462  551  117  265  250  440   71
  583  360  515  392  234   12   23   80  427  384
  135  598  551  221  260  359  342  334  177  420
  237   59  369  394   38  251  459  133  297  172
  558  584  465  300  120  428  330    9  249  254
  252  508   33  429   32  508  203  520   11  426
  261  235  146  358  274  163  111  124  563  202
  431  192  383   54  526  529  272  511  299  589
  118  122  383  458  513   89  124  244   32   62
  374  568  594  386   31  307  107  175  246  121
  390  471  524  185  466    8  258  321  190  153
  374  306  460  593  458  449  134  309  349  133
  115  306   15  320  129  338   46  218  171  549
  213    1  486  506  503  492  105   95  262  251
  251  366  418   71   28  477  465  325  295  384
  212  485   41  596   31  449  422  167  239  408
  308   46  483   12  185   20  559  501  345  537
  330  553  112  396  441  265  259   44   99  179
   87  286  114  221  480   60  383  305  175  379
  323  322  110  566   63  206  196  313  385    9
  353  309  389  328  456   99  302  496  341  116
  453  295  582  377  509  509  113  231  109  272
  362  542  509  382  439   17    5  147   66  417
  326  447  487  250  430    6   32  163  599  577
  455  256   87  430  180  424   43  465  566  181
  139  173  546  444  539  185  367  321  377   48
  542  253    6  571  105   14  529  318  208  305
  487  234  372  340  319  165  524  489  509  252
  385   16  526  134  177   93  600  446  438  177
  491  472   60  536  288  172  314   57    3  589
  204  177  533  547   59  239  390  395   87  269
  193   42   21  156  453  102  216  198  184  580
  111  476  110   30  240  560  256  477  557  389
  287  447  255  569  139  318  230  353  461  177
  264  312   50  420  449  258  273   18  210  400
  171  513  261  245  341  298  253   13  425  479
  578  168   70  222  155   89  293  252  547  134
  179  172  215  527  556  426  200  424  487  121
  359  270  127  343  115  235  323  541  461  390
  595   32  529  383  200   53  198  421  579  470
  436  296  364  141  581  127   38  213  269  504
  147   69    2   33   17  453   12  258  398  402
  243  463  281  355  147  542  233   95  273  218
  288  452   16  467  320  381  576  320  409  334
   65   96   10  268   13  298   60  422  453  214
  156   42  502  154  316  553  184   33  582  571
  401  573  105  351  181   69  494  458  306  336
  508  340   49  133  534  471  291  386  448  256
  333  512  331  343  568   63   45  526  530  560
  361  476  284  593  586  410  223  279  422  317
  109  597  445  229  492  338  441  160  259  491
  356  246   86   46  353  118   98  392  346   91
  329  594  496  238  291  112   61  290  393  156
  165  459  481  386  152  462  316  212    5  387
  409  251  220   59  442  136  412  590   92  578
  388  577  411   59  192  238   89  127  335  114
  168  247  378  311  383  306   20   77  189   13
  394  168  381  272  385  490  256   21  537  576
  134  277   52  253  279  214  424   79  425   70
  119  451  463   18  499  411  464  521  569  324
  446  540  260   74  304  294   48   64   55   69
  188  407  150  352  574  466   46  481   11  480
  417  466  576  233   75  393  201   14   44  587
  247    7  231  354  124  143  487   15  105  320
  109  464  136  320  154  286   86  399   60   23
  585   41    4  178  392  447  119  329  267  499
 67
 6 13 15 44 46 47 59 85 102 109 130 139 142 143 146 162 164 165 175 180 186 194 198 218 231 234 235 246 261 267 281 285 289 296 304 319 324 328 337 343 352 356 377 381 384 390 398 409 419 420 423 426 432 467 475 491 496 501 509 521 528 537 550 558 577 578 596
 62
 8 11 21 27 53 64 66 82 85 91 100 114 126 156 163 171 172 175 198 200 210 235 252 254 255 260 265 270 274 275 298 329 337 341 372 377 385 411 424 430 436 439 446 450 460 469 474 483 489 494 499 511 519 522 525 526 546 553 554 556 582 584
 57
 7 9 16 35 44 47 48 50 56 57 72 98 107 112 116 125 128 140 144 153 156 160 164 184 216 221 244 246 255 265 266 285 288 291 313 321 351 355 374 388 401 407 414 428 430 460 471 483 492 534 536 542 553 570 579 588 599
 55
 4 15 20 22 37 41 56 61 68 81 82 84 96 112 115 118 134 136 137 147 150 162 165 176 178 199 202 205 239 245 264 273 279 298 320 332 358 378 397 424 434 436 440 441 475 485 496 516 521 545 557 563 578 579 592
 59
 1 8 11 39 41 55 63 72 88 96 98 109 126 136 137 138 209 212 221 236 244 248 258 261 283 293 295 320 324 330 337 338 340 360 383 403 415 420 429 430 438 441 451 460 461 462 476 478 499 506 516 522 523 540 541 554 562 576 589
 47
 26 36 43 52 64 68 70 98 99 106 128 137 158 173 179 189 193 202 209 220 275 297 306 319 321 336 340 351 357 371 410 418 419 453 472 475 481 520 537 564 568 587 589 595 596 598 600
 62
 17 42 57 69 74 75 76 98 115 130 143 144 152 164 165 166 175 181 189 191 199 222 236 237 238 243 256 263 282 283 285 293 302 314 315 324 341 349 364 369 386 387 403 410 413 423 424 428 447 450 451 458 470 499 503 504 535 538 541 575 581 594
 55
 4 20 32 53 59 61 63 79 84 88 95 96 99 107 113 170 177 190 197 200 234 235 237 242 245 246 285 289 300 302 307 333 341 343 346 362 364 367 380 401 429 430 450 456 475 479 480 488 529 532 535 562 572 580 588
 55
 5 23 32 36 68 78 86 87 91 94 117 120 142 157 158 159 161 191 193 200 206 208 241 258 276 301 308 325 331 369 391 392 396 410 421 448 452 460 461 469 477 481 482 483 492 496 498 521 522 531 539 553 564 568 575
 65
 5 16 38 52 61 66 83 96 100 108 114 115 125 126 135 154 158 193 199 203 215 216 223 231 240 244 250 255 260 268 285 294 315 328 329 330 336 337 341 346 358 366 372 393 410 414 420 432 433 439 441 444 448 450 457 488 516 519 524 538 549 551 564 579 590
 66
 14 15 20 32 37 43 44 62 63 81 129 131 142 147 166 167 175 191 192 202 205 206 215 235 238 239 245 279 290 304 317 326 329 331 340 355 363 385 388 411 413 414 420 429 432 445 450 461 464 474 475 482 493 496 513 518 538 539 541 555 571 573 583 591 596 597
 50
 5 26 27 37 42 66 93 107 123 144 148 149 164 179 186 195 207 219 230 245 246 266 267 285 292 305 310 326 334 337 358 369 384 414 419 420 449 462 473 474 475 489 510 520 525 533 539 543 544 552
 61
 5 15 25 27 35 41 42 48 60 76 89 97 107 112 113 114 116 117 134 137 149 151 160 170 171 183 189 218 220 227 251 292 312 316 331 333 336 344 346 348 354 355 362 378 384 404 449 459 474 479 486 503 525 547 554 559 565 574 587 593 595
 56
 3 11 37 46 58 60 66 70 71 87 96 109 117 139 154 191 195 197 201 222 224 282 286 289 297 299 300 305 311 336 339 358 364 384 391 407 433 438 459 460 469 470 472 476 478 494 499 510 514 515 526 532 553 555 573 600
 59
 16 58 76 91 93 98 101 103 104 115 117 122 151 157 172 187 188 189 197 225 228 234 236 238 243 246 252 276 280 287 288 295 303 317 337 338 346 350 357 361 362 401 403 413 416 418 429 434 438 463 467 473 491 498 547 548 574 578 583
 44
 18 40 51 56 58 102 105 112 133 141 165 172 197 200 201 207 249 258 259 261 269 275 280 289 320 323 329 337 382 397 414 421 432 465 470 476 480 485 513 514 520 534 544 593
 63
 2 6 26 41 46 49 56 76 77 111 124 131 151 154 161 162 174 193 197 208 220 231 235 254 258 271 281 302 314 325 343 363 371 386 393 398 399 401 417 422 433 454 458 466 479 482 488 490 491 502 505 509 517 526 527 530 539 547 551 560 571 593 594
 51
 2 5 6 17 20 23 28 47 51 66 80 83 130 134 145 163 170 193 207 220 226 249 261 303 307 332 337 350 358 362 367 369 388 400 403 404 424 452 453 470 478 492 495 509 517 554 558 578 585 586 596
 61
 23 24 39 56 60 71 73 80 85 104 111 112 121 123 129 142 155 160 169 189 197 221 249 250 262 316 318 321 327 328 330 332 339 349 362 368 372 374 378 389 393 399 408 417 431 438 469 473 477 479 485 486 487 493 504 534 558 562 573 578 582
 46
 3 13 25 31 48 59 65 74 75 82 91 123 137 181 199 200 203 218 239 249 254 256 257 287 311 332 334 348 356 360 364 386 415 419 423 426 483 495 499 517 533 552 568 571 584 600
 51
 35 45 49 55 99 102 111 115 116 118 124 130 165 170 177 189 213 218 235 237 246 269 271 282 294 298 300 305 342 360 366 386 423 426 450 457 461 462 472 479 480 481 510 527 530 539 544 558 586 589 597
 54
 3 5 7 19 20 24 28 30 59 66 68 97 99 135 178 189 197 211 213 223 228 231 245 251 260 298 307 310 348 365 367 373 378 396 407 409 411 421 426 427 441 442 450 451 455 456 469 515 518 534 559 585 590 595
 55
 3 12 15 16 17 23 31 35 44 55 115 121 156 191 200 204 208 221 223 229 232 242 245 274 278 286 299 301 311 321 340 369 376 379 383 385 408 413 416 422 431 437 439 458 474 480 490 516 522 525 544 567 569 584 588
 62
 1 18 29 40 47 49 58 61 90 111 115 119 130 135 154 160 168 179 184 191 197 199 203 222 230 231 248 251 273 282 286 300 310 314 317 330 339 368 380 381 386 390 395 401 403 412 416 435 464 465 470 471 476 480 497 502 504 536 539 568 583 592
 54
 10 17 46 59 61 69 79 85 99 101 114 117 125 127 142 144 160 174 189 193 194 225 243 245 251 272 277 334 342 349 381 405 415 434 437 440 461 462 470 477 484 492 501 503 505 526 530 542 549 552 562 577 585 596
 71
 12 18 22 27 36 52 55 56 66 88 97 98 108 122 127 130 131 138 141 154 155 164 168 178 202 205 229 243 250 259 262 263 266 270 271 276 281 312 328 339 354 357 359 361 368 380 391 395 400 406 411 420 431 435 437 438 476 490 498 500 504 506 518 544 550 563 572 574 575 595 598
 59
 7 21 33 51 53 59 84 87 96 110 111 116 142 151 170 176 182 210 213 214 217 219 233 249 270 272 288 318 332 333 334 338 341 343 362 364 368 372 383 397 401 404 405 417 423 440 477 496 520 521 531 533 543 546 549 559 571 576 591
 52
 7 9 13 17 34 39 46 60 68 77 79 87 99 105 113 146 147 152 168 179 212 222 265 271 274 286 293 304 305 314 315 316 335 345 346 379 390 420 421 424 444 463 476 496 503 511 514 525 559 563 587 595
 52
 8 12 45 73 78 80 90 119 142 148 149 154 161 168 172 173 176 177 181 188 207 216 217 223 225 242 251 263 277 302 303 335 345 358 379 388 399 410 419 424 432 456 464 483 516 523 532 570 575 578 581 591
 59
 3 8 16 20 25 30 44 49 56 63 68 78 88 98 104 105 133 136 140 149 152 158 168 187 213 249 252 286 292 306 308 314 315 334 346 347 361 365 367 375 386 393 398 417 433 446 454 461 465 472 480 543 545 551 552 553 568 573 578
 59
 3 12 17 18 19 27 77 80 98 99 109 135 138 147 157 169 171 184 200 201 206 209 229 239 257 334 338 350 359 363 375 378 386 392 398 416 419 422 423 442 477 479 480 486 487 493 502 512 517 526 534 538 556 561 565 566 570 572 586
 54
 4 17 26 43 44 56 105 108 144 145 147 152 163 169 170 188 193 199 206 216 226 241 266 272 294 296 300 302 320 341 357 374 377 400 408 422 440 442 452 456 457 464 465 468 497 499 504 510 521 524 537 545 578 581
 56
 16 23 37 65 75 77 83 96 141 153 168 169 189 190 198 210 245 255 259 260 275 276 286 296 302 305 310 312 325 331 349 350 356 367 368 370 388 397 443 458 466 485 494 496 499 504 508 514 516 518 564 568 569 577 580 594
 53
 11 15 25 42 48 55 82 95 121 141 144 148 164 166 169 170 178 182 239 243 253 261 272 281 282 288 296 322 345 347 361 365 366 383 390 393 407 417 432 434 449 458 467 501 504 507 510 525 545 554 555 561 587
 58
 35 55 64 74 76 82 119 127 134 146 167 200 223 242 244 245 247 251 269 276 290 299 302 318 323 331 336 338 353 354 363 370 374 375 390 392 403 414 420 436 437 452 467 469 498 506 509 512 524 527 531 532 535 538 580 587 588 597
 59
 2 11 33 34 40 43 69 76 103 120 121 130 133 135 145 159 161 162 165 170 194 208 226 240 246 251 254 270 278 291 294 295 309 321 322 325 330 356 370 375 380 382 408 420 424 426 440 457 484 488 497 501 551 552 564 568 571 572 585
 61
 1 10 20 27 40 48 53 56 78 94 115 126 134 135 141 151 156 177 183 189 194 221 223 232 236 243 247 266 278 282 283 287 298 300 322 332 337 344 349 352 378 379 380 387 398 402 418 445 497 501 502 521 524 532 533 536 580 581 585 597 599
 58
 3 9 29 35 36 38 44 61 67 75 94 95 108 118 139 157 160 161 177 201 214 217 241 261 279 315 320 321 322 323 325 360 372 375 380 381 382 383 400 404 408 421 429 430 439 445 449 458 459 466 482 513 536 570 571 572 581 597
 55
 5 6 19 32 38 58 69 71 81 89 131 148 153 158 170 193 199 203 210 212 240 241 244 245 264 269 277 284 287 313 328 330 332 347 351 398 424 431 446 447 465 478 479 483 497 515 524 532 560 573 578 585 593 594 595
 55
 9 13 25 41 45 52 54 64 92 93 94 101 116 148 157 171 198 214 225 230 236 254 256 259 270 294 298 303 310 316 324 330 345 351 358 383 414 416 431 453 459 460 468 489 493 504 508 514 518 539 565 576 597 599 600
 79
 7 11 29 34 40 44 49 53 72 76 84 88 89 112 120 128 130 135 173 179 184 188 191 197 215 227 231 234 264 266 270 279 287 296 303 306 319 345 347 348 354 366 370 371 372 378 383 391 393 395 400 405 408 423 441 446 456 466 467 478 482 488 491 492 496 497 505 511 522 528 533 549 560 561 570 573 577 596 598
 48
 2 10 28 75 127 138 167 172 175 179 181 184 187 237 257 261 271 290 292 307 350 366 372 393 407 421 424 431 450 453 463 472 478 489 491 494 498 499 519 521 526 530 531 533 538 567 569 600
 72
 2 22 31 34 37 50 64 73 90 92 95 104 105 108 118 131 132 156 168 202 210 219 231 253 258 259 265 268 270 276 285 287 291 293 295 305 308 322 336 342 348 349 352 361 362 363 366 382 383 390 407 412 436 445 450 452 453 470 472 477 478 485 497 503 517 520 530 533 588 589 594 600
 59
 7 23 39 44 50 52 56 62 65 78 88 90 95 97 117 123 132 143 149 174 177 193 198 200 212 219 225 232 236 242 244 245 246 259 266 287 294 296 299 317 337 354 355 358 365 397 417 421 431 447 458 467 478 479 498 555 568 570 600
 65
 10 12 14 17 25 46 49 54 62 68 71 74 88 96 97 98 99 101 131 133 148 150 153 158 162 180 186 191 199 212 213 216 246 294 297 322 353 354 367 373 375 384 389 393 404 407 436 449 453 457 466 478 482 491 492 495 497 500 505 511 517 536 555 565 595
 63
 10 14 17 21 27 32 38 41 42 50 67 82 115 117 126 131 146 151 162 178 185 193 195 197 215 250 255 264 267 268 272 274 287 296 305 313 314 324 333 339 356 360 370 380 395 397 409 414 415 418 427 429 457 460 474 475 495 497 513 518 529 548 588
 57
 15 21 40 60 63 78 85 87 104 105 140 144 153 183 184 199 210 211 219 220 235 240 244 246 247 251 252 261 265 282 284 307 312 360 362 363 378 402 412 418 424 436 441 445 454 472 486 517 555 556 561 565 576 577 584 586 590
 74
 13 15 29 43 46 61 101 103 118 120 121 122 123 127 128 130 136 157 159 174 184 193 194 196 197 205 207 211 214 224 233 236 249 255 269 273 279 280 287 291 300 303 307 309 349 368 370 404 410 411 418 422 442 445 449 455 459 477 480 482 486 489 512 515 517 524 526 530 549 562 563 568 577 589
 58
 2 36 68 71 79 109 110 116 123 125 131 133 161 175 183 198 199 237 240 253 258 274 275 283 296 303 305 307 309 313 330 353 359 380 382 385 394 426 446 450 451 452 474 494 496 514 524 526 528 532 535 544 566 567 574 577 579 593
 54
 12 22 35 74 81 89 90 98 104 113 120 129 142 159 168 180 205 208 215 217 227 237 251 257 258 296 298 299 305 313 317 326 352 357 361 384 417 424 428 437 470 476 477 503 507 509 511 524 528 540 542 552 555 592
 54
 2 20 24 36 41 67 80 111 118 124 126 140 155 156 167 171 175 204 205 220 227 240 241 248 250 281 282 299 301 310 316 330 336 344 345 346 358 396 402 407 421 435 464 478 485 491 496 499 506 528 529 532 565 575
 53
 9 45 51 56 75 82 86 92 95 99 118 142 152 160 198 209 230 257 259 262 280 289 302 303 312 317 318 320 328 330 336 344 365 437 444 452 466 479 492 503 504 511 513 520 533 536 539 542 552 557 559 566 599
 47
 10 15 22 30 31 61 70 85 90 110 116 123 136 151 163 179 185 198 269 275 287 300 301 327 333 353 354 356 381 387 390 425 430 431 455 461 466 475 476 497 502 516 534 537 577 594 595
 56
 6 7 30 39 41 53 71 74 78 83 93 133 144 145 152 164 170 172 195 215 229 239 246 259 269 271 303 309 313 329 331 345 357 360 365 369 370 381 412 421 424 433 437 439 459 472 478 486 489 527 529 532 544 550 566 593
 58
 7 10 28 41 56 58 71 74 80 91 98 102 115 135 138 143 149 152 157 160 170 200 205 219 225 231 239 245 250 264 268 285 291 297 315 319 347 355 357 381 396 416 426 436 457 468 488 501 511 518 533 548 566 569 570 577 591 596
 66
 9 36 47 53 65 77 99 100 110 114 120 154 162 163 169 178 179 190 192 196 199 203 204 238 241 259 268 271 283 290 294 302 308 327 338 347 349 357 358 361 364 376 384 393 394 400 405 408 414 423 425 434 441 444 453 463 465 468 479 481 517 533 549 567 576 577
 59
 4 24 37 54 86 90 95 99 100 113 126 132 153 159 165 180 184 185 191 216 254 271 272 279 288 290 292 300 321 322 326 331 333 338 343 356 367 374 384 385 389 403 404 412 413 415 432 447 452 469 470 490 530 545 549 556 563 596 597
 60
 11 13 36 41 48 54 58 69 103 118 123 132 169 187 195 198 203 204 213 224 232 233 234 237 238 243 252 260 262 263 268 276 282 284 294 304 319 324 329 332 339 342 343 345 362 368 406 411 466 499 507 519 533 551 562 570 573 584 590 599
 54
 25 32 39 58 60 71 86 89 95 98 101 104 106 113 117 132 155 161 184 190 205 213 219 226 238 253 263 279 297 299 312 328 335 341 353 358 415 443 444 446 460 474 482 507 509 513 518 520 533 537 542 572 580 590
 58
 2 7 8 9 23 27 32 50 52 57 74 79 91 115 127 132 147 177 219 225 228 250 271 305 309 313 322 332 356 357 362 364 386 388 397 414 420 423 424 428 435 460 462 465 478 487 504 510 521 528 538 540 555 560 576 579 582 599
