2
 80   800
  532  532  532  532  532  532  532  532  532  532
  532  532  532  532  532  532  532  532  532  532
  532  532  532  532  532  532  532  532  532  532
  532  532  532  532  532  532  532  532  532  532
  532  532  532  532  532  532  532  532  532  532
  532  532  532  532  532  532  532  532  532  532
  532  532  532  532  532  532  532  532  532  532
  532  532  532  532  532  532  532  532  532  532
  532  532  532  532  532  532  532  532  532  532
  532  532  532  532  532  532  532  532  532  532
  532  532  532  532  532  532  532  532  532  532
  532  532  532  532  532  532  532  532  532  532
  532  532  532  532  532  532  532  532  532  532
  532  532  532  532  532  532  532  532  532  532
  532  532  532  532  532  532  532  532  532  532
  532  532  532  532  532  532  532  532  532  532
  532  532  532  532  532  532  532  532  532  532
  532  532  532  532  532  532  532  532  532  532
  532  532  532  532  532  532  532  532  532  532
  532  532  532  532  532  532  532  532  532  532
  532  532  532  532  532  532  532  532  532  532
  532  532  532  532  532  532  532  532  532  532
  532  532  532  532  532  532  532  532  532  532
  532  532  532  532  532  532  532  532  532  532
  638  638  638  638  638  638  638  638  638  638
  638  638  638  638  638  638  638  638  638  638
  638  638  638  638  638  638  638  638  638  638
  638  638  638  638  638  638  638  638  638  612
  612  612  612  612  612  612  612  612  612  612
  612   34   34   34   34   34   34   34   34   34
   34   34   34   34   34   34   34   34   34   34
   34   34   34   34   34   34   34   34   34   34
   34   34   34   34   34   34   34   34   34   34
   34   34   34   34   34   34   34   34   34   34
   34   34   34   34   34   34   34   34   34   34
   34   34   34   34   34   34   34   34   34   34
   34   34   34   34   34   34   34   34   34   34
   34   34   34   34   34   34   34   34   34   34
   34   34   34   34   34   34   34   34   34   34
   34   34   34   34   34   34   34   34   34   34
   34   34   34   34   34   34   34   34   34   34
   34   34   34   34   34   34   34   34   34   34
   34   34   34   34   34   34   34   34   34   34
   34   34   34   34   34   34   34   34   34   34
   34   34   34   34   34   34   34   34   34   34
   34   34   34   34   34   34   34   34   34   34
   34   34   34   34   34   34   34   34   34   34
   34   34   34   34   34   34   34   34   34   34
   34   34   34   34   34   34   34   34   34   34
   34   34   34   34   34   34   34   34   34   34
   34   34   34   34   34   34   34   34   34   34
   34   34   34   34   34   34   34   34   34   34
   34   34   34   34   34   34   34   34   34   34
   34  770  770  770  770  770  770  770  770  770
  770  770  770  770  770  770  770  770  770  770
  770  770  770  770  770  770  770  770  770  770
  770   21   21   21   21   21   21   21   21   21
   21  579  579  579  579  579  579  579  579  579
  579  579  579  579  579  579  579  579  579  579
  579  579  579  579  579  579  579  579  579  579
  579  579  579  579  579  579  579  579  579  579
  579  579  579  579  579  579  579  579  579  579
  579  579  579  579  579  579  579  579  579  579
  579  579  579  579  579  579  579  579  579  579
  579  579  579  579  579  579  579  579  579  579
  579  579  579  579  579  579  579  579  579  579
  579  579  579  579  579  579  579  579  579  579
  579  579  579  579  579  579  579  579  579  579
  579  579  579  579  579  579  579  579  579  579
  579  579  579  579  579  579  579  579  579  579
  579  579  579  579  579  579  579  579  579  579
  579  579  579  579  579  579  579  579  579  579
  579  579  579  579  579  579  579  579  579  579
  579  579  579  579  579  579  579  579  579  579
  579  579  579  579  579  579  579  579  579  579
  579  579  579  579  579  579  579  579  579  579
  579  579  579  579  579  579  579  579  579  579
  579  579  579  579  579  579  579  579  579  579
  579  579  579  579  579  579  579  579  579  579
  579  579  579  579  579  579  579  579  579  579
  579  579  579  579  579  579  579  579  579  579
  579  579  579  579  579  579  579  579  579  579
  579  579  579  579  579  579  579  579  579  579
  579  579  579  579  579  579  579  579  579  579
  579  579  579  579  579  579  579  579  579  579
  579  579  579  579  579  579  579  579  579  579
  579  579  579  579  579  579  579  579  579  579
  579  579  579  579  579  579  579  579  579  579
  579  579  579  579  579  579  579  579  579  579
  579  579  579  579  579  579  579  579  579  579
  579  579  579  579  579  579  579  579  579  579
  579  579  579  579  579  579  579  579  579  579
  579  579  579  579  579  579  579  579  579  579
  579  579  579  579  579  579  579  579  579  579
  579  579  579  579  579  579  579  579  579  579
  579  579  579  579  579  579  579  579  579  579
  579  579  579  579  579  579  579  579  579  579
  579  579  579  579  579  579  579  579  579  579
  579  579  579  579  579  579  579  579  579  579
  579  579  579  579  579  579  579  579  579  579
  579  579  579  579  579  579  579  579  579  579
  579  579  579  579  579  579  579  579  579  579
  579  579  579  579  579  579  579  579  579   21
   21   21   21   21   21   21   21   21   21  770
  770  770  770  770  770  770  770  770  770  770
  770  770  770  770  770  770  770  770  770  770
  770  770  770  770  770  770  770  770  770   34
   34   34   34   34   34   34   34   34   34   34
   34   34   34   34   34   34   34   34   34   34
   34   34   34   34   34   34   34   34   34   34
   34   34   34   34   34   34   34   34   34   34
   34   34   34   34   34   34   34   34   34   34
   34   34   34   34   34   34   34   34   34   34
   34   34   34   34   34   34   34   34   34   34
   34   34   34   34   34   34   34   34   34   34
   34   34   34   34   34   34   34   34   34   34
   34   34   34   34   34   34   34   34   34   34
   34   34   34   34   34   34   34   34   34   34
   34   34   34   34   34   34   34   34   34   34
   34   34   34   34   34   34   34   34   34   34
   34   34   34   34   34   34   34   34   34   34
   34   34   34   34   34   34   34   34   34   34
   34   34   34   34   34   34   34   34   34   34
   34   34   34   34   34   34   34   34   34   34
   34   34   34   34   34   34   34   34   34   34
   34   34   34   34   34   34   34   34   34   34
   34   34   34   34   34   34   34   34   34   34
   34   34   34   34   34   34   34   34   34   34
   34   34   34   34   34   34   34   34   34   34
   34   34   34   34   34   34   34   34   34   34
   34   34   34   34   34   34   34   34   34  612
  612  612  612  612  612  612  612  612  612  612
  612  638  638  638  638  638  638  638  638  638
  638  638  638  638  638  638  638  638  638  638
  638  638  638  638  638  638  638  638  638  638
  638  638  638  638  638  638  638  638  638  638
  532  532  532  532  532  532  532  532  532  532
  532  532  532  532  532  532  532  532  532  532
  532  532  532  532  532  532  532  532  532  532
  532  532  532  532  532  532  532  532  532  532
  532  532  532  532  532  532  532  532  532  532
  532  532  532  532  532  532  532  532  532  532
  532  532  532  532  532  532  532  532  532  532
  532  532  532  532  532  532  532  532  532  532
  532  532  532  532  532  532  532  532  532  532
  532  532  532  532  532  532  532  532  532  532
  532  532  532  532  532  532  532  532  532  532
  532  532  532  532  532  532  532  532  532  532
  532  532  532  532  532  532  532  532  532  532
  532  532  532  532  532  532  532  532  532  532
  532  532  532  532  532  532  532  532  532  532
  532  532  532  532  532  532  532  532  532  532
  532  532  532  532  532  532  532  532  532  532
  532  532  532  532  532  532  532  532  532  532
  532  532  532  532  532  532  532  532  532  532
  532  532  532  532  532  532  532  532  532  532
  532  532  532  532  532  532  532  532  532  532
  532  532  532  532  532  532  532  532  532  532
  532  532  532  532  532  532  532  532  532  532
  532  532  532  532  532  532  532  532  532  532
 23
 9 149 153 180 199 210 217 237 286 303 317 321 341 350 407 489 537 638 719 726 749 796 799
 28
 30 53 80 97 101 180 306 322 350 360 411 418 434 463 478 484 559 560 575 593 616 622 667 683 689 696 699 700
 22
 14 25 44 97 174 186 235 264 282 375 436 480 551 597 607 610 666 671 705 729 738 797
 19
 17 49 57 127 159 192 230 258 286 353 356 435 470 494 566 677 685 693 720
 29
 79 99 102 104 200 207 258 263 304 363 381 414 417 426 438 443 476 477 480 555 628 633 634 642 661 697 707 743 763
 26
 20 45 54 64 116 132 135 202 203 222 237 242 291 329 362 381 423 460 544 549 620 657 674 710 742 776
 20
 35 41 69 144 156 194 231 235 283 341 449 536 572 585 627 698 763 778 785 791
 19
 18 60 61 100 155 165 176 183 263 290 334 372 443 458 504 537 594 705 714
 35
 7 15 89 118 147 161 162 192 221 222 268 275 300 314 342 377 397 427 432 469 578 582 583 585 641 649 650 652 655 690 694 713 717 727 736
 31
 52 70 136 147 158 170 182 219 262 305 324 357 406 428 484 489 511 513 521 562 578 617 619 630 644 664 669 706 764 766 781
 36
 10 27 43 117 118 177 232 241 242 248 396 399 428 447 457 474 475 483 549 563 565 575 587 604 613 633 653 656 672 674 703 726 731 774 776 791
 22
 52 75 145 184 216 235 243 256 272 307 433 435 436 490 523 572 599 624 625 653 752 778
 25
 8 13 71 91 93 99 108 160 219 318 331 346 498 513 529 537 554 561 573 606 698 712 719 744 800
 30
 2 93 203 212 275 283 309 329 382 383 390 462 468 477 487 506 515 539 544 545 561 581 596 614 625 635 678 723 734 791
 19
 33 35 105 199 201 230 236 238 316 362 421 496 509 671 688 722 742 749 754
 16
 34 78 83 91 127 155 298 347 376 383 452 541 653 723 741 755
 25
 29 63 72 81 98 138 190 249 295 296 316 327 358 390 400 419 435 465 503 542 585 605 781 783 784
 27
 45 59 100 123 170 207 263 270 287 295 325 334 358 378 397 461 466 467 493 543 570 588 649 733 737 738 745
 22
 5 19 47 129 154 176 177 221 247 267 272 339 378 557 567 642 686 701 703 775 776 777
 31
 23 46 48 119 124 133 153 163 187 196 233 240 260 299 331 335 351 447 465 468 469 472 481 533 576 629 636 646 651 693 794
 26
 34 66 120 143 193 246 268 327 431 435 472 510 513 519 554 567 623 634 635 669 692 699 724 740 748 786
 22
 54 57 59 95 133 150 154 218 234 241 288 296 402 464 502 512 554 668 673 683 687 726
 26
 4 73 90 117 124 138 205 206 229 232 273 319 360 391 400 426 443 518 526 679 711 725 745 769 786 792
 17
 94 118 204 208 245 254 257 327 357 382 519 560 659 663 742 758 784
 21
 26 86 181 214 223 353 386 392 438 444 527 547 563 645 711 732 754 767 786 791 798
 21
 72 115 143 195 202 280 281 330 394 408 444 471 485 524 537 552 581 584 596 643 793
 27
 24 28 93 100 131 158 165 223 244 258 345 384 440 452 462 472 519 540 549 569 693 713 717 728 740 772 787
 19
 31 42 91 92 101 152 157 195 320 361 448 540 547 560 667 675 720 762 768
 17
 19 30 76 82 90 95 101 102 267 270 385 488 648 718 730 788 800
 26
 15 80 110 121 171 197 220 231 278 403 409 418 455 490 539 556 597 645 654 662 700 701 728 739 765 792
 29
 7 9 27 31 52 65 131 136 224 292 294 302 332 355 394 402 479 491 550 553 576 581 614 638 680 709 746 756 796
 30
 6 51 61 88 114 218 236 255 268 279 281 284 287 328 374 442 466 467 527 548 589 640 648 650 660 679 688 710 734 743
 23
 13 14 38 103 105 110 189 193 233 302 367 393 441 497 501 535 560 584 611 663 673 750 770
 13
 41 122 160 301 343 358 389 407 412 570 628 721 751
 22
 70 89 98 132 135 169 179 259 279 294 530 534 537 546 558 627 658 670 687 695 747 797
 15
 86 137 148 185 216 276 299 331 373 480 529 586 598 613 695
 23
 23 34 42 44 46 72 121 128 141 164 165 213 336 347 360 392 422 441 453 545 638 752 756
 25
 39 52 122 156 172 199 311 319 321 324 325 398 456 509 528 535 551 571 577 639 656 681 685 699 702
 26
 1 5 33 71 99 116 143 151 175 260 309 312 332 350 369 457 458 499 521 524 543 580 604 640 646 657
 27
 6 43 80 85 109 115 183 224 238 285 299 338 399 416 469 503 512 526 539 573 590 596 598 602 677 682 730
 26
 57 65 91 99 109 153 190 248 252 267 286 348 369 426 484 485 498 588 589 641 645 674 705 731 760 773
 31
 55 68 73 79 83 85 126 139 175 191 204 212 239 247 300 303 311 313 323 331 404 530 553 597 599 606 630 657 664 665 753
 29
 15 57 103 125 133 136 220 289 328 342 359 430 459 474 480 522 534 550 567 577 602 615 626 668 680 722 751 769 796
 27
 74 83 134 139 146 215 226 265 297 308 326 348 376 413 421 572 615 625 641 652 700 732 735 752 761 787 795
 27
 38 73 149 252 264 271 354 356 380 401 405 424 459 486 500 546 565 575 579 603 639 661 664 666 718 760 782
 32
 29 36 67 107 113 166 170 214 218 255 256 259 261 273 282 293 310 334 397 439 504 525 562 597 598 608 620 644 681 709 791 799
 23
 13 38 88 112 129 169 181 185 208 239 262 269 336 345 355 445 550 553 562 587 591 732 753
 25
 32 62 99 191 200 211 257 269 332 371 380 450 453 494 505 592 610 624 648 686 694 698 708 778 790
 23
 24 28 50 79 134 172 178 311 315 364 378 398 442 476 492 516 531 643 715 723 731 748 762
 26
 4 106 111 128 180 182 262 288 310 361 387 437 451 467 484 487 535 609 622 636 677 723 727 772 783 795
 23
 37 50 55 210 274 280 385 395 413 473 495 496 514 555 556 567 578 607 652 655 728 765 782
 30
 20 25 47 51 57 81 126 130 148 163 225 241 264 265 278 320 389 400 439 450 455 471 497 542 547 556 600 637 774 798
 34
 8 36 45 63 104 118 125 144 162 184 203 244 269 285 321 358 374 406 412 415 445 486 506 529 571 600 632 666 675 704 724 737 790 799
 26
 1 43 60 108 117 146 197 201 207 240 248 322 333 414 493 591 612 619 621 650 676 684 707 768 779 785
 26
 3 27 30 64 85 125 131 136 205 226 291 315 331 386 447 476 488 508 511 565 637 655 680 718 735 736
 23
 84 95 140 167 178 179 196 253 307 311 346 359 397 408 482 580 668 699 716 771 780 789 791
 27
 11 46 77 90 96 141 211 226 247 251 274 276 484 491 499 511 518 570 588 595 644 681 692 697 753 756 788
 23
 12 68 125 140 220 266 297 301 335 396 405 419 420 423 466 517 570 678 712 733 739 781 794
 32
 28 63 69 74 82 89 96 172 186 187 225 260 265 270 271 278 298 305 312 344 410 456 563 611 626 630 647 654 669 676 757 787
 34
 11 150 168 174 206 217 243 246 274 280 309 314 329 340 347 364 366 373 392 409 447 473 479 543 609 636 677 696 700 755 757 776 779 798
 24
 2 23 130 159 164 167 183 198 232 250 284 313 375 397 415 440 526 579 651 708 725 735 744 785
 21
 5 16 58 138 173 228 250 277 280 338 388 482 484 494 502 524 533 568 571 616 761
 48
 21 39 53 84 87 92 106 118 144 158 167 194 200 209 219 227 228 257 287 289 304 323 370 380 425 445 464 500 508 522 525 531 557 574 590 594 616 649 658 660 689 707 740 746 759 761 765 767
 26
 20 32 113 189 190 215 227 252 255 318 321 366 412 433 442 449 520 559 624 643 682 689 714 722 744 777
 25
 129 157 160 161 164 171 178 216 261 382 393 416 424 451 532 567 568 583 591 592 617 737 741 760 786
 30
 5 21 71 98 119 194 249 276 293 333 349 410 429 432 437 442 505 521 535 536 538 554 580 601 651 722 729 754 766 773
 32
 1 22 40 56 75 109 114 151 209 254 267 292 316 367 370 383 392 401 444 454 461 462 478 558 621 629 648 682 691 722 729 788
 20
 3 16 22 29 86 135 177 190 202 212 229 563 614 618 623 631 654 702 725 789
 21
 24 49 96 139 141 166 188 209 242 256 296 349 352 379 395 464 475 552 603 690 696
 29
 62 87 105 109 120 122 152 198 245 259 301 351 353 362 368 381 391 403 460 463 544 559 618 620 628 647 699 712 794
 30
 12 17 67 145 151 217 253 280 308 309 330 337 354 384 404 431 434 446 459 492 495 507 532 582 585 591 593 622 704 771
 27
 130 164 168 213 290 321 344 355 379 418 448 501 516 517 548 574 593 595 601 659 662 672 684 691 723 747 748
 23
 31 48 69 77 81 100 106 107 184 235 295 368 420 475 515 528 667 679 730 745 758 770 794
 22
 3 76 137 173 251 266 277 319 326 339 371 372 417 454 481 523 612 634 642 661 766 780
 26
 8 55 63 119 134 142 152 175 182 189 203 289 317 343 387 429 483 498 540 582 586 726 733 759 784 793
 28
 10 36 39 56 84 99 111 282 340 351 352 353 388 427 446 456 500 504 517 557 566 662 715 724 739 750 775 790
 29
 3 21 45 66 227 253 286 365 391 411 414 507 508 532 564 580 632 660 670 680 701 703 704 706 709 713 722 728 749
 31
 37 40 78 121 123 162 254 306 315 335 337 377 390 414 422 425 468 516 517 538 542 569 599 606 632 652 678 711 721 736 755
 23
 18 91 132 142 188 213 277 354 398 410 430 510 520 533 536 543 561 605 608 665 688 717 785
 26
 26 58 68 94 112 159 224 234 249 291 309 363 365 425 429 460 470 475 514 541 604 609 631 716 764 772
