2
 60   600
  192  444   70  191  587  239  533    6  517  353
  567  105  390  331   55  507  347  149  489  188
  114  336  452  228  206  586  392  460  229   23
  438  247  411   33  581  400  407   85    7  165
   87  363  158   46   11  526  537  191  525  466
  499  176  211  212  451  586  424  442   32   31
  379  126  243  328  120  439  252   66  162  277
  129  225  410  451   80   37  106  346  349  238
   99  505  175   59  148  541  189   92  238  441
   71   54  485   92  504   70  330  333  255  533
  135  332  495  380    6  387  103  226  120  286
  579  185  190  285  127  347  483  253  296  584
   50  295  108  114  211  137  239   49  306  514
  390  301  384  271  162  233   48  125  111   91
  600  540  106  360   17  125  189  586  256  392
  452  413  429  137  458  427   93  572  595  119
  575  584  331  236  155  320  585  271  559  514
  401   57  585  359  465   32  332  215  498  381
   80  247  491   76  562  272  145  257  128  184
  386  239  155  573  162  391  100   44  423  274
  382  104  353  291  129  229  514  427  573  225
  365  255  406  173  307  509  189  517  379  260
  455  425  586  466  317  533  285  399  447  211
  303  309  419  593  294  458   55   58  249  387
  131  113  438  317  450  217  542    8  173  326
  212  589  129  133  484  447  321  493  111  126
  325  200  591   53  185   32  557   11  481  461
  249  246   76   29  462  155  201  104  274  410
  495  514  556  238  140    9  442  281  365  455
   88  351  327   80  594  550   12  568  299  235
  231  245  565  521  167  523  472  146  462  171
  533  306  203  172  470  104  560  592  291  293
  102  174    8  248  280  170  323  491    8   38
  324   86  121  483  370  213  237  161  399  267
  351  388  170  498   75  581  113  254   88  377
  433  343  385   13  316  178  458  318  239  537
  509  448   78  340  309  171  414  104   34  198
  372  474  363  430  248  362  360  567  163  533
  465  111  332  349  348  589  574  176  407  224
   80  330  238  363  145  264  345  326  332  419
   93  193  308  431  112  279   69  538  312  382
  411  201  562  168  172   29  212  396  246  113
  417  554  341  140   85  591  103  183   91  307
  291  266  172   84  136  514  207  509  384  121
   94  139  241  273  193   56  124  513    9  280
  433  501   99  352  328  337  557   50  363  411
  506  401   83  569  342  352   90   62  113  526
  487  245  286  165  572  315  336   55  404  279
  451  578  312  145  370   62  414   86  545  570
  589  310   56  290  184  370  514  258  325  195
  475   64  386  548   66  570  300  479  483  135
  389  179  152  195  541  128  269  380  377  333
  112   62   54    6  190  474   47   72  487  495
   60    7  206  431  408  583  266  418  396  139
  404  521  350  523   59  424  344  309  482  582
  311  487  567  221  493  371  243   94  535  102
  422  476  243  190  428  310  299  426  222  285
  524  300  183  279  121  281  485    1   68   56
  257    7  520  421   23  296  243  340  591   53
  230  439  147   75  546  284  187  344  138   98
   98  138  344  187  284  546   75  147  439  230
   53  591  340  243  296   23  421  520    7  257
   56   68    1  485  281  121  279  183  300  524
  285  222  426  299  310  428  190  243  476  422
  102  535   94  243  371  493  221  567  487  311
  582  482  309  344  424   59  523  350  521  404
  139  396  418  266  583  408  431  206    7   60
  495  487   72   47  474  190    6   54   62  112
  333  377  380  269  128  541  195  152  179  389
  135  483  479  300  570   66  548  386   64  475
  195  325  258  514  370  184  290   56  310  589
  570  545   86  414   62  370  145  312  578  451
  279  404   55  336  315  572  165  286  245  487
  526  113   62   90  352  342  569   83  401  506
  411  363   50  557  337  328  352   99  501  433
  280    9  513  124   56  193  273  241  139   94
  121  384  509  207  514  136   84  172  266  291
  307   91  183  103  591   85  140  341  554  417
  113  246  396  212   29  172  168  562  201  411
  382  312  538   69  279  112  431  308  193   93
  419  332  326  345  264  145  363  238  330   80
  224  407  176  574  589  348  349  332  111  465
  533  163  567  360  362  248  430  363  474  372
  198   34  104  414  171  309  340   78  448  509
  537  239  318  458  178  316   13  385  343  433
  377   88  254  113  581   75  498  170  388  351
  267  399  161  237  213  370  483  121   86  324
   38    8  491  323  170  280  248    8  174  102
  293  291  592  560  104  470  172  203  306  533
  171  462  146  472  523  167  521  565  245  231
  235  299  568   12  550  594   80  327  351   88
  455  365  281  442    9  140  238  556  514  495
  410  274  104  201  155  462   29   76  246  249
  461  481   11  557   32  185   53  591  200  325
  126  111  493  321  447  484  133  129  589  212
  326  173    8  542  217  450  317  438  113  131
  387  249   58   55  458  294  593  419  309  303
  211  447  399  285  533  317  466  586  425  455
  260  379  517  189  509  307  173  406  255  365
  225  573  427  514  229  129  291  353  104  382
  274  423   44  100  391  162  573  155  239  386
  184  128  257  145  272  562   76  491  247   80
  381  498  215  332   32  465  359  585   57  401
  514  559  271  585  320  155  236  331  584  575
  119  595  572   93  427  458  137  429  413  452
  392  256  586  189  125   17  360  106  540  600
   91  111  125   48  233  162  271  384  301  390
  514  306   49  239  137  211  114  108  295   50
  584  296  253  483  347  127  285  190  185  579
  286  120  226  103  387    6  380  495  332  135
  533  255  333  330   70  504   92  485   54   71
  441  238   92  189  541  148   59  175  505   99
  238  349  346  106   37   80  451  410  225  129
  277  162   66  252  439  120  328  243  126  379
   31   32  442  424  586  451  212  211  176  499
  466  525  191  537  526   11   46  158  363   87
  165    7   85  407  400  581   33  411  247  438
   23  229  460  392  586  206  228  452  336  114
  188  489  149  347  507   55  331  390  105  567
  353  517    6  533  239  587  191   70  444  192
 19
 13 24 36 62 107 177 226 331 355 407 425 426 432 449 460 466 508 511 555
 27
 30 147 168 203 248 265 282 293 305 310 311 322 327 344 353 361 380 455 464 518 519 563 565 571 573 586 594
 24
 5 28 32 38 83 174 184 188 212 219 221 245 327 338 339 365 378 397 424 504 556 564 566 568
 17
 9 34 108 117 142 166 191 266 276 392 415 417 423 441 470 490 493
 23
 33 98 121 132 146 148 163 189 199 230 301 342 396 410 427 430 440 441 445 481 488 530 545
 20
 61 90 113 114 116 119 137 190 244 275 304 312 366 367 400 404 504 511 559 597
 19
 1 31 49 64 66 130 141 149 153 161 189 194 252 254 341 473 486 521 592
 26
 37 50 97 102 185 190 217 233 246 262 284 286 328 331 335 340 348 356 358 451 469 491 494 520 539 569
 22
 40 45 63 65 89 107 153 213 227 254 280 288 317 328 375 436 484 485 495 541 545 551
 16
 1 29 52 74 95 102 152 240 255 282 301 330 395 424 572 583
 17
 1 3 14 19 65 124 187 215 246 266 296 386 399 481 483 485 591
 14
 27 141 164 178 228 234 258 373 395 413 421 555 561 574
 29
 29 40 54 57 58 59 85 88 132 135 138 144 157 197 202 249 272 277 285 295 313 401 473 495 521 551 583 586 597
 20
 2 52 125 158 224 277 309 317 396 401 437 463 492 498 506 525 527 531 534 589
 20
 15 48 55 67 100 180 217 279 326 352 381 393 412 446 523 538 539 550 588 593
 11
 38 55 191 250 298 383 406 409 418 489 502
 18
 73 98 155 195 201 220 239 261 312 339 361 369 370 407 454 467 517 546
 16
 20 30 91 117 129 224 225 263 319 334 373 411 444 522 552 579
 14
 10 25 94 170 198 203 209 350 411 429 474 522 530 599
 25
 2 27 33 43 92 167 206 207 243 286 325 365 367 371 374 382 402 436 450 475 476 478 511 532 600
 24
 28 115 144 185 186 187 204 210 211 236 250 260 287 302 305 309 318 319 497 501 534 564 595 598
 21
 11 23 59 72 120 129 212 225 277 297 315 320 398 403 413 443 479 533 547 548 571
 20
 18 48 56 81 101 104 123 272 288 303 325 354 415 444 472 489 493 540 557 583
 19
 30 61 62 142 151 173 174 178 235 243 256 258 280 345 385 447 540 578 595
 16
 83 120 131 146 159 200 216 261 265 295 327 386 506 539 546 567
 20
 46 47 93 135 136 169 199 240 299 302 307 338 344 360 394 423 436 482 484 524
 19
 17 99 147 150 214 241 245 291 293 334 370 387 399 410 421 450 477 547 598
 21
 67 111 114 234 253 281 298 311 314 326 336 347 371 432 455 499 500 501 516 568 591
 20
 48 72 92 182 222 227 257 281 290 352 365 384 394 402 409 487 497 499 553 577
 23
 9 53 54 63 76 80 83 109 111 184 193 330 349 376 381 388 433 449 457 476 479 496 562
 20
 12 13 58 71 127 140 153 172 186 188 209 231 363 367 383 390 459 515 565 583
 19
 42 84 134 172 222 238 250 332 341 360 363 384 398 408 458 487 554 561 581
 13
 34 175 221 254 259 329 379 387 408 420 487 507 582
 18
 20 68 181 183 209 261 269 280 320 352 384 443 450 490 539 558 559 589
 23
 8 18 27 47 50 60 106 126 175 196 223 256 266 283 289 312 377 405 416 453 456 552 597
 20
 6 59 79 173 177 181 229 232 249 329 431 442 455 480 495 510 550 560 565 596
 18
 56 112 126 138 177 217 241 244 273 350 365 395 418 425 440 528 543 590
 29
 4 11 32 74 81 128 148 223 225 226 243 266 271 276 300 316 357 368 371 422 451 465 491 499 500 544 588 591 592
 24
 26 39 51 60 110 150 151 156 176 196 214 270 303 304 324 333 375 422 434 507 515 537 542 558
 15
 46 100 210 216 260 306 337 357 362 377 390 462 475 549 575
 21
 25 53 82 133 140 143 163 192 193 233 255 305 321 359 374 404 439 468 543 594 596
 24
 6 36 85 94 116 134 194 195 231 246 247 295 364 372 378 391 450 455 526 529 535 537 544 584
 24
 7 35 95 96 97 125 131 149 235 237 239 252 279 294 323 324 366 385 459 511 519 526 551 573
 30
 31 42 90 109 110 160 165 182 200 206 233 255 269 311 315 335 435 439 450 461 474 479 480 492 503 505 508 528 548 554
 18
 17 21 75 105 144 145 197 229 242 276 414 419 437 503 527 575 576 582
 20
 16 41 75 82 93 185 213 225 253 264 270 273 284 389 400 477 482 513 514 585
 20
 36 73 77 143 205 225 237 274 335 338 368 391 393 419 425 442 465 509 572 580
 19
 87 108 119 170 171 251 267 318 346 359 379 380 452 466 469 479 511 535 536
 21
 7 22 57 60 64 136 148 158 218 260 268 278 296 299 305 385 392 394 431 464 577
 33
 37 39 60 68 84 101 106 122 133 142 156 157 168 208 251 290 292 300 316 327 382 412 446 448 470 471 536 541 546 549 553 560 584
 27
 10 12 35 51 100 110 118 218 261 320 336 341 343 351 352 354 358 372 440 454 474 485 509 514 529 570 585
 15
 68 70 99 134 139 179 180 181 313 346 367 416 516 524 599
 22
 10 22 49 57 79 107 130 162 171 179 211 223 263 308 309 376 422 438 448 452 472 542
 22
 16 24 48 103 230 236 275 277 289 292 396 414 415 428 434 438 445 471 556 561 574 593
 20
 26 71 78 86 103 112 165 183 202 204 257 260 262 266 267 314 332 389 559 587
 13
 41 104 122 127 154 166 208 278 321 340 356 358 570
 14
 5 86 114 154 181 192 201 283 285 308 336 430 471 544
 26
 44 69 137 139 160 162 169 172 205 207 220 294 322 343 351 384 408 428 433 453 461 462 464 483 515 578
 26
 14 42 66 122 134 159 165 272 289 306 344 349 403 405 418 426 427 435 460 498 518 519 562 571 576 600
 24
 4 33 49 89 118 150 161 215 219 228 259 287 300 308 355 362 388 397 438 457 512 538 566 581
