1111111100000000000000000000000001001011100000001110011000
1111111111111111111111111111100000001011111111101111011100
1111111111111111111111111110000001001011111110001111011100
1111111111111111111111111100000001100011111111001111011000
1111111111111111111100000000000001101011111110001111010000
1110000000000000000000000000000001111100000000001111011000
1111111111111111111111000000000001001011111100001111010000
1111100000000000000000000000000001101010000000001011010000
1111111111100000000000000000000001001011100000001111011100
1111111111111111111111111111100000000011111110001110010010
1111111111111111111111000000000000001011000000001011011010
1111111111111111111111111100000000001111110000001100011000
1111111111111111111111111111000001111110000000001000011100
1111111111111111111111111100000001001110000000001011011000
1111111111111111111111000000000001101111000000001110011000
1111111111000000000000000000000001001100000000001111100000
1111111111111111111111111111111100000011111110001110011100
1111111111111111111111100000000001000011111100001110011100
1111111111111111111110000000000001000011111110001110011000
1111111111111111111111100000000001000011111000001110000010
1111111111000000000000000000000001101110000000001011100000
1111111100000000000000000000000001101100000000001011000000
1111111111111111111111111111110001111110000000000100011100
1111111111111111111111100000000001111110000000001100011100
1111111111111111111111111111111101111111111000001100011100
1111111111111111111111110000000001001111111110001111011000
1111111111111111111111000000000001111110000000001000011100
1111111111111000000000000000000001111100000000001000011100
1111111100000000000000000000000001111100000000001010010000
1111111111111111111111111110000000000011111110001110011100
1111111111111110000000000000000001101111000000001100011100
1111111111111110000000000000000001111111000000001111010000
1111111111000000000000000000000001001100000000001000010000
1111111111111111100000000000000001000011000000001111000000
1111111100000000000000000000000001001010000000001111011000
1111111111111111111111111100000000001011111111001111010010
1111111111111111111111111110000000000011111110001011000000
1111111110000000000000000000000001101011110000001111010000
1111111111111111111111111100000001000011100000001111011100
1111111111110000000000000000000001000010000000001110011100
1111111111110000000000000000000000000011100000001111000000
1111111111111111111111111111111001001000000000001000011000
1111111111111111111111111111111101001111000000001100011000
1111111111111111111111110000000001111111000000000100011100
1111111111110000000000000000000001000010000000001111010000
1111111110000000000000000000000000001110000000001110000000
1111111111111111000000000000000001111111000000001110011000
1111111111111111111111111111100001111100000000001110011100
1111111111000000000000000000000001111110000000001100011100
1111111111000000000000000000000001111100000000001000011100
1111111111111110000000000000000001111100000000001000011100
1111111111111111111111111111111111111111111110000110011100
1111111111111111111111110000000001101111111110001111011000
1111111111111111110000000000000001111110000000000010011000
1111111111111111111100000000000001001111111000001110011000
1111000000000000000000000000000001000011000000001110010010
1111111111111111111111111110000001111111111000001000011100
1111111111111111111110000000000001101111111110001110000000
1111100000000000000000000000000001001000000000001111011100
1111111111111111111111111111111111111111111100001100010000
1111111111111111111111111100000001101011111111101111011000
1111000000000000000000000000000001001010000000001110011000
1111111111111111111111111111111000000011000000001000011000
1111110000000000000000000000000001001010000000001110000000
1111111111100000000000000000000001001110000000001000011000
1111111100000000000000000000000001001110000000001111000000
1111111111111111111111111111000001110011111110001111011000
1111111111111100000000000000000001001011100000001111000000
1111111000000000000000000000000001101111000000001111011100
1111111110000000000000000000000001111110000000001011011000
1111111111111111111111111111111001001011110000001110011000
1111111111111111111111111111111101001011111110001100011100
1111111111111000000000000000000001001010000000001100000000
1111111111111000000000000000000001001010000000001100010000
1111100000000000000000000000000001101100000000001110011000
1111100000000000000000000000000001101110000000001110011000
1111111111111000000000000000000001111100000000001010011100
1111111111111111111111111111100001101111100000001100011100
1111111111111111100000000000000001001011000000001111010000
1111111111111111111111000000000001111110000000001000011100
1111111100000000000000000000000001111100000000000100011100
1111111111111111111111111111111111111111111100000000011100
1111111100000000000000000000000001001110000000001011111100
1111111111110000000000000000000001111100000000000000011100
1111111111111100000000000000000001111111000000001100011100
1111111111111111100000000000000001111111000000001100011100
1111111110000000000000000000000001111110000000001100011000
1111111111111111111000000000000001111111100000000100011100
1111111111100000000000000000000001001111110000001100011100
1111111100000000000000000000000001000011100000001010000000
1111111110000000000000000000000001001000000000001110000000
1111111111111111111111111111110001001111111100001100011100
1111111111000000000000000000000001000011100000001110000000
1111111111111111111111000000000001000010000000001011010000
1111111111111111111111111111111000000011100000001100011000
1111111111111111111111111000000000001011111111101110011010
1111111111111111111111111000000001001010000000001010011000
1111111111110000000000000000000001111111111000001110000000
1000000000000000000000000000000001000011100000001111000000
1111111111100000000000000000000001001011111000001110000000
1111111111100000000000000000000000000011110000001111000010
1110000000000000000000000000000001001000000000001010010000
1111111111100000000000000000000001001111100000001011010000
1111111111000000000000000000000001111011110000001110011000
1111111000000000000000000000000001001111000000001111011000
1111111111111111111111110000000001101011100000001111010000
1111110000000000000000000000000001111100000000001100000000
1111111111111111111111111111000001101111110000001000011000
1111111111111000000000000000000001001011000000001111000000
1111111111000000000000000000000001001011100000001111000000
1111111111111111111111111111100001111110000000001011011000
1111111111111111000000000000000001101011111110001010011000
1111100000000000000000000000000001111110000000001100011100
1111111111111110000000000000000001000011110000001111011000
1111100000000000000000000000000001101100000000001100011000
1111111111111111111110000000000001111110000000001100011100
1111111111111111110000000000000001111111100000000011011000
1111111111111111111111111111000001101110000000001100011000
1111111111111111111111111111111111111011111000001110011000
1111111111000000000000000000000001001011000000001111011000
1111111111111111111111000000000000000010000000001110011110
1111111111111111111100000000000001001011111000001110011000
1111111111000000000000000000000001101111000000001111011000
1111000000000000000000000000000001001010000000000111010000
1111111111111111111111111111000001000011100000001011010000
1111111111111110000000000000000001101111000000001100010010
1111111111111111111111111111100001111110000000001100011000
1111111111111111111100000000000001001011000000001111010010
1111111111111111111111111110000000001011000000001010010010
1111111110000000000000000000000001101100000000001100011000
1111111111111111111111111111111101101111100000001111000000
1111111111111100000000000000000001111100000000000000011000
1111111111111111111111111111111100000011111110001111000000
1111111111110000000000000000000001101110000000001111000010
1111111111000000000000000000000001111110000000001100011000
1111111111000000000000000000000001101011100000001010011100
1111111100000000000000000000000001111111000000001111011000
1111100000000000000000000000000001101011000000001110010000
1111111111111100000000000000000001111111000000000111000000
1111000000000000000000000000000001111110000000001100011100
1111111111111111100000000000000001111111000000001100011000
1111111111111100000000000000000001111100000000000011011000
1111111111111111111111111111111001111110000000001000011000
1111111111111111111000000000000001111111000000000111011000
1111111111111100000000000000000001001111000000001111011100
1111111111111111100000000000000001111111100000001100011100
1111111111111111111111111111100001111111110000001110011000
1111111111111111111111111000000001111111000000001100011100
1111111111111111000000000000000001111110000000001000011000
1111111111111111111111111110000001111111111000001100011100
1111111111111111111111111111000001111111100000001110011100
1111100000000000000000000000000000001011110000001111010000
1111111111111111111111111111000001101111000000001100011110
1111111000000000000000000000000001111111000000001110011100
1111111111111111111111111111111000000011110000001110010000
1111111111111111111111111111111000000011111110001110011010
1111111111111111111000000000000001111111000000001010011100
1111111111111111000000000000000001001111110000001111010000
1111111111111111111111111111100000001111111000001100010010
1111110000000000000000000000000001000011000000001111000000
1111111000000000000000000000000000000011100000001110000010
1111111111111100000000000000000001111100000000001000011100
1111111111111111111111111111000000001000000000001110011000
1111111111111111111111110000000001101010000000001011011000
1111111111111111110000000000000001111111110000001110011000
1111111111111111111110000000000001101110000000001110011100
1111111111111111111111111111111111101111111000001100011100
1111111111000000000000000000000001111110000000001100011100
1111110000000000000000000000000001111100000000001110011100
1111000000000000000000000000000001101100000000001010011100
1111111111111111111111111111111001111111110000001100011100
1111111111111111111111111111111111000011111110001011000000
1111110000000000000000000000000001001110000000001110011100
1111110000000000000000000000000001101011000000001111011100
1111111110000000000000000000000001100011000000001111010000
1111111111111111000000000000000001001100000000001011011100
1111111111110000000000000000000001111100000000000100011000
1111111111111100000000000000000001001111110000001000011100
1111111111111111111111111111100001001111000000001010011100
1111111111111111111111111111111111000011111111101010011100
1111111111111111110000000000000001111111000000001000011100
1111111110000000000000000000000001001110000000001110010000
1111111111111111111111111100000000001011111111111111011000
1111111111111111111111111111111101000011100000001011111000
1111111111111111111000000000000001101111111000001010010000
1111111111111111100000000000000001001010000000001111011100
1111000000000000000000000000000001001100000000001111010000
1111111111111111111100000000000001001011110000001111000010
1110000000000000000000000000000001101011000000001111010000
1111111111100000000000000000000001100011100000001111010000
1111111111111100000000000000000000000011110000001111100000
1111111111111110000000000000000001101111100000001011010000
1111111111111111111111111111000000000011111111101111100010
1111111100000000000000000000000001101011000000001111011000
1100000000000000000000000000000001101100000000001011000000
1111111111111111111111111111100000000011111100001111011010
1111111110000000000000000000000001000011100000001011000000
1111111111111111111100000000000001101111111100001110011100
1111111111111100000000000000000000000011111000001110010000
1111111111111111000000000000000001001111000000001111011000
1111111111111111111111111100000000001111111111100110010010
1111110000000000000000000000000001001100000000001111011000
1111111111111111111100000000000001001111000000001010011100
1111111111100000000000000000000001001011000000001111011000
1111111111111111111111110000000001101110000000001100010000
1111110000000000000000000000000001001011000000001111000000
1111111111000000000000000000000001001100000000001111000000
1111111111111110000000000000000001101100000000001010011000
1111111111111111000000000000000001111110000000001100011100
1111111111111111110000000000000001001011100000001011010000
1111111111111111111111110000000001101010000000000111011100
1111111111111111111111111111100000000010000000001011011000
1111111111000000000000000000000001101111100000001111010000
1111111111111111111111111111111100001011111000001111010000
1111111111111111111111111110000000001011111110001111000000
1111111111100000000000000000000001101111000000001010010000
1111111111111111111111111100000001100010000000001111011000
1111111111111111110000000000000001100011111110001010011010
1111111111111111000000000000000001100011110000001110010010
1111111111111110000000000000000001101011000000001010011000
1111110000000000000000000000000001001010000000001111011000
1111111111100000000000000000000001101100000000001111011000
1111111111111111111110000000000000000011000000001110010010
1111110000000000000000000000000000000000000000001110011100
1111111111111111111111111111111001111111110000001100011100
1111111111111111000000000000000001111111110000001000011000
1111111111111111111110000000000001101011000000001100011100
1111111111111111111111111111100000001010000000001110011010
1111111111111111111111111111111000001111111110001111011000
1111111111110000000000000000000001101100000000001111010000
1111111111111111111111111111111100001011110000001111011110
1111111111000000000000000000000001001110000000001100011000
1111100000000000000000000000000001101100000000001011000000
1111000000000000000000000000000001001010000000001110011100
1111111111111111111111100000000000000011111000001011000010
1111111111100000000000000000000001001010000000001011011100
1111111111111111111110000000000001001011111000001011010000
1111111100000000000000000000000001111110000000001111011000
1111111111111111111111100000000001101011111100001111011000
1111000000000000000000000000000001101010000000001110011000
1110000000000000000000000000000001101110000000001110011000
1111111111111111111111110000000001101011110000001110010000
1111111111111111111111111000000000001111110000001111011000
1111110000000000000000000000000001111111000000001100011000
1111111111111111000000000000000001101111110000001100011100
1111111111111111110000000000000001111111000000000100011100
1111111111111111110000000000000001111111000000001000011000
1111111000000000000000000000000001111111000000001100011100
1111111111100000000000000000000001111110000000001100010000
1111111111111111111111111111110001100011111111101010010010
1111111111111111110000000000000001111111100000000100010000
1111111111111111100000000000000001111111111000001111011000
1111111110000000000000000000000001101010000000001111010000
1111111111000000000000000000000001111110000000001000011100
1111111111111111111111111111111100001011110000001111011010
1111111111111111111100000000000001111111000000001111011000
1111111111111111111111000000000001101111000000000110011100
1111111111111111111111111111000000000011111110001111011100
1111111111111111111111111111000001000010000000001011010000
1111111111111111111111100000000001101010000000000111011100
1111111111111111111111111111111000000011111110001011010000
1111111111111111111111111110000000001011111000001011010000
1111111111111000000000000000000001101011100000001010011100
1111110000000000000000000000000001101000000000001110010000
1111111111111110000000000000000001001111111000001111010000
1111110000000000000000000000000001111100000000001100011000
1111111111111111111111111111100001101111111100001110011100
1111111111111111111111111100000001101111111111101011010000
1111111111111111111111000000000001101011111110001111000000
1111111111111111111111111111111000000011111100001011000000
1111111111111100000000000000000001111111000000001100011100
1111111111110000000000000000000001101110000000001111011100
1111111110000000000000000000000001101110000000001110000000
1111111111111111111111111111111111001111111100000110011000
1111111000000000000000000000000001101111000000001010011000
1111111111111111111000000000000001101110000000000110011000
1111111111111111111111111111111001000011111000000110011100
1111111111111111111000000000000001001000000000001110011100
1111111111111111111111111111000001101111111100001111011100
1111111111111111111111111111111101111111100000001110011100
1111111111111111111111111110000001001011111100001011011000
1111100000000000000000000000000001001111000000001111000000
1111110000000000000000000000000001111100000000001100011100
1111111111111111111111111000000001101011111000001111011100
1111111111111000000000000000000001001111000000001011111110
1111111111111111111111111111000001111111111000000110011100
1111110000000000000000000000000001111100000000001000011100
1111111000000000000000000000000001001111110000001111011000
1111110000000000000000000000000001000000000000001111010000
1111111111111111111000000000000000001000000000001110010010
1111111100000000000000000000000001111110000000001110010000
1111111111111111111100000000000001111111110000001100011100
1111111111111111111111111111111000000011000000001110011100
1111111111111111111111110000000001111111100000001111011100
1111111111111000000000000000000001111110000000001100011000
1111111111111111111111111111111111101111111100001100011100
1111111111111111111111111111111111101111111111001100011100
1111111111111111111111111111111001111111000000001100011100
1111111111110000000000000000000001111111100000000100011100
1111111111000000000000000000000001111110000000001100011100
1111111111111000000000000000000000000011111110001110011100
1111111111111000000000000000000001110000000000001010010000
1111111110000000000000000000000001101010000000001111011100
1111111100000000000000000000000001001111000000001111011100
1111111000000000000000000000000001111110000000001010011100
1111111000000000000000000000000001111111000000001011011000
1111111111111111111111111111000000000011000000001110011100
1111111111111111111111100000000001101111111100001100011100
1111100000000000000000000000000001101000000000001110010000
1111110000000000000000000000000001101111000000001110011000
1111111111111111111111111111111001101111100000001110011000
1111111111111111111100000000000001101011000000001010011100
1111111110000000000000000000000000001111000000001011011010
1111111111111111111111110000000001111111000000001111011100
1111111111111111111100000000000001000000000000000011011000
1111111111111111111110000000000001001011111000000010011100
1111111111110000000000000000000000001111000000001010011000
1111111111111100000000000000000001101011111000001011011100
0000000000000000000000000000000001101110000000001111011000
1111111111111111000000000000000001001011110000000110011100
1111111111111111111111110000000001111111100000000111011100
1111111111111111111111110000000000000011000000001011011100
1111111111111111111111111111100001101111000000000100011100
1111100000000000000000000000000000001000000000001011011110
1111111111110000000000000000000001111110000000000100011000
1111111110000000000000000000000001111110000000000110011000
1111111111111111111111111111000000001011110000001111011010
1111111111111111111000000000000001111111000000000111011100
1111111111111111111111111111111111111111110000001111011100
1111111111111111111111100000000001101110000000000111011100
1111111111111111000000000000000001101110000000000110011100
1111111111111111111000000000000000000000000000001011111100
1111100000000000000000000000000000000010000000001011011100
1111111111111111111111111111111001111110000000000100011100
1111111111100000000000000000000001111110000000000111011100
1111111111111110000000000000000001000011111110001110010010
1111111111111111110000000000000001111000000000000011011000
1111111111111100000000000000000001111111100000001010011100
1111111110000000000000000000000001111100000000001010011100
1111111111110000000000000000000001101111100000001110000000
1111111111111100000000000000000001001011110000001011010000
1111111111111111111111111100000001101011111110001111111000
1111111000000000000000000000000001111100000000000110011100
1111111111111111111111111111100001101111100000000111011100
1111100000000000000000000000000001111110000000001111011000
1111111111110000000000000000000001111110000000000110011100
1111111111111111100000000000000001111110000000000011011100
1111111111111111000000000000000000000011110000001111010010
1111111110000000000000000000000001000011100000001111011000
1111111110000000000000000000000001101010000000001111000000
1110000000000000000000000000000001000011000000001111000000
1111111111111111111111110000000000000011111100001111000010
1111111100000000000000000000000001000011000000001111000010
1111111111111111000000000000000001000010000000001110000000
1111111111111111111000000000000001001011111110001111010000
1111111111100000000000000000000001000010000000001011010010
1111111000000000000000000000000001001111000000001100011100
1111110000000000000000000000000001001111110000001111011100
1111111111111111111111111111111111001000000000001100010000
1111111110000000000000000000000001001000000000001110011100
1100000000000000000000000000000001101110000000001111000000
1111111111111111111111111110000001101011110000001110011100
1111111111111111111110000000000000001000000000001111011100
1111111111111100000000000000000001001011000000001010011100
1111111111111000000000000000000001100000000000001110010000
1111000000000000000000000000000001001011100000001111011100
1111111111111111111111111100000001101011100000001010011100
1111111000000000000000000000000001111110000000001110011000
1111111111111111110000000000000001001011111110001011011000
1111111000000000000000000000000001101011111100001111011000
1111111111111111111111000000000001101011111000001100011100
1111111111111111111110000000000001001011110000001110011000
1000000000000000000000000000000001001010000000001111010000
1111111111111111111111100000000001101111100000001100011100
1111111111111111111111111111111110001000000000001111011010
1111111000000000000000000000000001101011000000001110010000
1111111111111111111111110000000001101011100000001110010010
1111111111111111000000000000000001001111111000001110011000
1100000000000000000000000000000001001010000000001110011000
1111111111111111111111111111110000000011111110001111011010
1111111111111111111110000000000001101011111100001110010000
1111111111111111111111000000000001001111111000000110010000
1111111111111111111110000000000001001011000000000011011000
1111111110000000000000000000000001001010000000001010000000
1111111111111111111111000000000001001111111000001111011000
1111111111111111111111100000000001111111000000001000011100
1111111111111111111111111111000001111111100000001000011110
1110000000000000000000000000000001111100000000000111011100
1111111111110000000000000000000001001110000000001011011100
1111000000000000000000000000000001001010000000001111011100
1111111111111111100000000000000001111100000000001011011000
1111111111111111100000000000000001111111111000001111011100
1111111111111111111111111111111000001111111100001100011100
1111111110000000000000000000000001101000000000001111011100
1111111111111000000000000000000001111100000000001010011100
1111111111111111111110000000000001111111000000000100011100
1111111111111111111111111111111110001011111100001110011100
1111111111111111111111111111111100000011111110001010010010
1110000000000000000000000000000001000000000000001110010000
1111111111111111111111111111110000000011100000001110000010
1111111111111111111111100000000000000011000000001111000010
1111111111111100000000000000000001101111111000001100011100
1111111111111111111111110000000001000011111110001110010000
1111111111111111111111111110000000000010000000001111011110
1111111111111000000000000000000001101111110000001000011000
1111111000000000000000000000000001101011000000001111011000
1111111100000000000000000000000001000011100000001110011100
1111111111111111111111111111111001101011000000001110011100
1111111111111111111000000000000001101011000000001010010000
1110000000000000000000000000000001101010000000001110011100
1111111111111111111111111111100001001011110000001010011100
1111111111111111111111111100000001001111000000001111011100
1111111111111111111111111111111000000010000000001111011100
1111111110000000000000000000000001000011000000001111000000
1111000000000000000000000000000001001011100000001111011100
1111111111111111100000000000000001101011111100001111011101
1111111111111111111111111111110001111011111000001100011101
1111111111111111111000000000000001111111110000001100011101
1111111111000000000000000000000001111111000000001000011101
1111111111111111111100000000000001101011111000001000011001
1111111111111111111110000000000001101111100000001100011001
1111111111111111111111111111000001001111110000001111011001
1111111111111111000000000000000001111111000000001100011101
1111111110000000000000000000000001001111111100001111011101
1111111111111111111111111100000001001011111110001111011101
1111111111111100000000000000000001111111000000000000011101
1111111111111111111111100000000001111111110000001100011101
1111111111000000000000000000000000000011000000001111011101
1111111111111100000000000000000001001111100000001111011101
1111111111111111111111000000000001111111110000000000010001
1111111000000000000000000000000001111110000000001100010001
1100000000000000000000000000000001101110000000001111011101
1111111110000000000000000000000001101111100000001110011001
1111111111111111111110000000000001111111000000001011011001
1111000000000000000000000000000001101110000000001111010001
1111111111111111111111111111100001111111111110001100011101
1111111111110000000000000000000001000011000000001011011001
1111111111111111100000000000000001000011100000001110011001
1111111111110000000000000000000001001011000000001111011001
1111111111111100000000000000000001001110000000001011011101
1111111111111111000000000000000001111111110000001110011101
1111111111111111111111111111111101111011111110001010011101
1111111111111111111111111111110001111111000000001000011101
1111111111111111000000000000000001111111000000000000011101
1111111111111111111111111111111111111111111111101100011101
1111111111111111100000000000000001000011111100001011011101
1111111111111111111111100000000001111111100000001100011101
1111111111111111111000000000000001111111111000000000011101
1111111111111111111100000000000001111111100000000100011001
1111000000000000000000000000000001101110000000001110011101
1111111000000000000000000000000001111110000000001111011101
1111111111000000000000000000000001001111000000001100011001
1111111110000000000000000000000001101010000000001111000001
1111111111111110000000000000000001111110000000001100011101
1111111111111111111100000000000001111111000000001110011101
1111111111111111000000000000000001101011000000001011011101
1111111111111111111100000000000001111111100000001100011101
1111111111111111111111110000000001111111100000001100011101
1111111111111111111111111111110001111111110000001100011101
1111111111111111111111111100000001111111111110000100011101
1111111111111111111111100000000001111111110000001000011101
1111111111111111110000000000000001111111000000001100011101
1111111111111111111100000000000001111111100000001100011101
1111111111111111111110000000000001111111100000001100011101
1111111111111111111100000000000001111111110000000100011101
1111111111111111111111000000000001111111000000001100011101
1111111111100000000000000000000001101010000000000010011101
1111111111111111111110000000000001111011111110001100011101
1111111100000000000000000000000000001110000000001011110011
1111111111111111111111111100000001001111111110001100011101
1111111111111110000000000000000001111111100000000011111101
1111111111111111110000000000000001001011000000001111011001
1111111111111111110000000000000001111111110000001111011001
1111111111111111111100000000000001111111110000000000011101
1111111111111111111111111111111001111111111110001100011101
1111111111111111110000000000000001111111100000001100011101
1111111111111111111111111111000001111111111100000100011001
1111100000000000000000000000000001111110000000001100011101
1111111111111111111111111100000001111111111100001100011001
1111111111111111111111111111000001111111110000001010011001
1110000000000000000000000000000001111110000000001110011001
1111111111111111111000000000000000001011111110001010011011
1111111100000000000000000000000001111110000000001111010001
1111111111111111000000000000000001101111111110000100011001
1111111111111110000000000000000001101011000000001011011001
1111111111111111111111111111111001101111111111101010011001
1111111111111111111111000000000001111111111100001011011001
1111111111111111111111110000000001111111110000001100011001
1111111111111111111000000000000001101011110000001111010001
1111111111000000000000000000000001101111100000001111011101
1111111000000000000000000000000001111011100000001111011001
1111111111111111111111110000000001111111111100000000011101
1111111111111111111110000000000001111111100000001100011101
1111111111111111111111100000000001111111111000001110011101
1111111110000000000000000000000001111111000000001110011101
1111111111111111111111111111111101111111110000000100011101
1111111111111110000000000000000001111111100000001100011101
1111111111000000000000000000000001111110000000000110011101
1111111111111111111111111111000001111111111000001000011101
1111111111111000000000000000000001111110000000001010011101
1111111111111111111100000000000001000011111100001110000001
1111111111111000000000000000000001111111000000001000011001
1111111111111111111110000000000001001011111110001111011101
1111111111110000000000000000000001101011100000001100010001
1111111111111111111111110000000001001011111100001100010001
1111111111111111100000000000000001111111110000001100011101
1111110000000000000000000000000001111110000000001100010001
1111111111111111111000000000000001101111111000001000011011
1111111111111111000000000000000001111111100000000111011001
1111111111111111111000000000000001111111111000001000011001
1111111111111000000000000000000001111111000000001100011101
1111111000000000000000000000000001101011000000001011011101
1111111111111111111000000000000001111111000000001000011101
1111111111111111111100000000000001111111100000001010011101
1111111111111111000000000000000001111111000000001000011101
1111111111111100000000000000000001110011110000001111011001
1111111111111111111100000000000001111111110000000110011101
1111111111111111100000000000000001111111100000001111011101
1111111111111111100000000000000001101111111000000111011001
1111111111111111111111111110000001001111111111111110011001
1111111111111111111000000000000001101011111100001110011001
1111111111111111111111000000000001111111111000001100011001
1111111110000000000000000000000001100011110000001111000001
1111111111000000000000000000000001101011000000001111010001
1111111100000000000000000000000001111110000000001111011101
1111110000000000000000000000000001101110000000001111111101
1111111111111111100000000000000001001011111000001010000001
1111111111111111111111111111100001101011111110001111011101
1111111111111000000000000000000001111111000000001000011001
1111111111111111111111111111111001000011111110001110011101
1111111111111111111100000000000001100011111100001111010001
1111111111111111111111111111100001101011111110001110011001
1111111111111111111111111111111001111111111100001000011101
1111111111111111111111111110000001101111000000001010011101
1111111111111111111111111111000001111111111110001111010001
1111111100000000000000000000000001001111000000001111011001
1111111111110000000000000000000001111111000000001000011001
1111111111111111110000000000000001111111111000001111011101
1111111111111110000000000000000001101111110000001100011001
1111111111100000000000000000000001111111100000001100011101
1111111111100000000000000000000001101010000000001011011101
1111111111000000000000000000000001111110000000001000011001
1111111111111111111100000000000001101111111110001110010001
1111111111111111111000000000000001111111110000000111011001
1111111111111111111111000000000001111111111100001111011001
1111111111111111111111111111000001111111111110001110011101
1111111110000000000000000000000001111110000000001100011101
1111111110000000000000000000000001111111000000000100011001
1111111111111111111111111000000001111111110000001100011101
1111111111111111111111111000000001101111111000001100011001
1111111100000000000000000000000001111110000000001000011101
1111111111111111100000000000000001111111100000001111011001
1111111111111000000000000000000001111111100000001011011001
1111111111111111111111111111111001111111110000001000011101
1111111111110000000000000000000001111111110000001100011001
1111100000000000000000000000000001000010000000001111010001
1111111111111111000000000000000001101011111100001011011001
1111111111111100000000000000000001101111000000001100011101
1111111111111111111110000000000001111111111000001111011101
1111111111111000000000000000000001111011110000001011010001
1111111111111111111111000000000001111111100000001000011101
1111111111111111111111111111111111101011111111101100011101
1111111111111111111111111000000001101011111000001100011101
1111111111111111111111111110000001101111111000001111010011
1111111111111111111111111111111000000011111111101111011001
1111110000000000000000000000000001111110000000001100011001
1111111111100000000000000000000001111110000000000000011101
1111111111111111110000000000000001101111000000000110011001
1111111111111111111111111100000001101011110000001110011101
1111111111111111111111100000000001111111100000000000011101
1111111111111111111100000000000001111111100000000110011101
1111100000000000000000000000000001111110000000001110000001
1111111111111111111100000000000001101111110000000010011101
1111111110000000000000000000000001001010000000001011111101
1111111111111111111111111000000001111111110000000010011101
1111111111111111000000000000000001111111110000000010011101
1111111111111111111111111000000001111111110000000010011101
1111111111111111111111111110000001111111100000000100011101
1111111111111111111000000000000001111111100000001110011001
1111111100000000000000000000000001111111000000001000011001
1111111111111111111111111110000001111111111100001100011101
1111111111111111111111111111111101111111111110000100011101
1111111111110000000000000000000001111111000000001100011001
1111111100000000000000000000000001111110000000001100011101
1111111111111111111111111100000001111111100000001000011101
1111111111111111111111100000000001111111100000001100011101
1111111100000000000000000000000001111110000000001100011101
1111111111111111100000000000000001111011111000001110011101
1111111111111000000000000000000001111111000000001111011101
1111111111111111111111111111000001111111111000001100011101
1000000000000000000000000000000001111110000000001110011101
1111111111111111111000000000000001101111100000001110010001
1111111111111111000000000000000001101111111000001100010001
1111111111100000000000000000000001111111000000001000011001
1111111111111111111111111111000001111111110000001100011101
1111111111111111111111111100000001111111111000001100011101
1111111111111111111111110000000001111111111100001100011001
1111111111111111111111111111000001111111100000001100011101
1111111111111111100000000000000001111111111000001110011101
1111111111111111111000000000000001001111100000000011011111
1111111111111110000000000000000001110011000000000100011001
1111111111111111111110000000000001111111100000000111011101
1111111111111111111111111111100001111111100000000110011101
1111111111000000000000000000000001111111000000000100011101
1111111111111111111111110000000001101111000000000111011101
1111111111111100000000000000000001111110000000000110011101
1111111111111111111100000000000001101111100000000011011101
1111111111111111100000000000000001101111100000000110011101
1111111111111111111111111000000001111111111000000110011101
1111111111111111111111111111100001101011111100000110011101
1111111111111111111111111111111101111111111100000110011101
1111111111111111111000000000000001111111100000000011011101
1111111111111111111110000000000001111111110000000010011101
1111111111111111111111111111110001111111100000000000011101
1111111111111111111111000000000001111111110000000111011101
1111111111111100000000000000000001101111111110001110011101
1111111111111111111111111100000001111011111110001000011101
1111111111111111111000000000000001000011111100001111011101
1111111111111111110000000000000001111111111100001111011101
1111111111111111111110000000000001111111110000001100011101
1111111111111111111111000000000001111111111100001100011101
1111111111111100000000000000000001101011000000001110011001
1111111111111111111111111111110001111111110000001100011101
1111111111111110000000000000000001111111100000000110011101
1111111111111111111111111000000001111111111100000100011101
1111111111111111111111111000000001111111111110001110011101
1111111111111111000000000000000001111111000000000010011101
1111111111111111111111111111000001111111110000001100011101
1111111111111111111111100000000001111111110000000100011101
1111111111111111111111100000000001111111111000001100011101
1111111111111111111111111111100001111111110000001100011101
1111111111111111100000000000000001111111100000001100011101
1111111111111111111111100000000001111111100000000100011101
1111111111111111111111111111000001111111100000001000011101
1111111111111111110000000000000001101011111100001111011101
1111111111111111100000000000000001101011111000001111011101
1111111111111111110000000000000001000011111110001110010001
1111111111100000000000000000000001100011111000001110011101
1111111111111111111111111111111000000011111110001111011111
1111111110000000000000000000000001001111100000001100011111
1111111100000000000000000000000001101111111000001100010011
1111111111111111111111111000000001111111110000001000011101
1111111111111000000000000000000001101011110000001111011101
1111111111100000000000000000000001000011111000001111000001
1111111111111111111111110000000001101111111000001100010001
1111111111111100000000000000000001000011111100001111000001
1111111100000000000000000000000001111110000000001000011101
1111111111111111111100000000000001111111000000001000011101
1000000000000000000000000000000001000010000000001111010001
1111111111110000000000000000000000000011110000001110011001
1111111111100000000000000000000001001110000000001100011101
1111100000000000000000000000000001101010000000001111011001
1111111111111100000000000000000001000011110000001110011101
1111111111111111111111111111111101111111111111111100011101
1111111111111000000000000000000001001111100000001011011001
1111111111111000000000000000000001111111000000001111011101
1111000000000000000000000000000001101111000000001100011001
1111111111110000000000000000000001111110000000001111010001
1111111111111111000000000000000001001011111000001010011001
1111111111100000000000000000000001101010000000001011011001
1111111110000000000000000000000001001010000000001111000001
1111111111111111111111111110000001111111100000001100011101
1111111111111111111000000000000001111111000000001110011101
1111111111111100000000000000000001111110000000001100011101
1111111111111000000000000000000000001111100000001111111111
1111111111111111100000000000000001101111111110001111011101
1111111111111111111110000000000001101111111000001010011101
1111111111100000000000000000000001001111100000001111111101
1111111111111111100000000000000001001111100000001110011101
1111111111111111111000000000000001001011111100001011011001
1111000000000000000000000000000001101011000000001110011101
1111111111000000000000000000000001001111100000001111011101
1111111100000000000000000000000001101011000000001111011001
1111111111111111111111111111100000001011100000001111010001
1111111111111111110000000000000001101111110000001100011001
1111111111111111111111111111111111111011111111111100011101
1111111111111111100000000000000001111111111000001100011101
1111111111111111100000000000000001101011111110001111011101
1111111100000000000000000000000001101111100000001100011101
1111111111111100000000000000000001000011110000001110000001
1111111111100000000000000000000001001111110000001110000001
1111111000000000000000000000000001111010000000001110010001
1111111111111111111000000000000001111111110000001100011101
1111111111111111111000000000000001111110000000000100011101
1111111111111111111111110000000001111111000000000000011101
1111111111111000000000000000000001101010000000001111011001
1111111111111111100000000000000001101011100000001111011001
1111111111111111111100000000000001111111111100000100010011
1111111111111111111100000000000001111111110000000100011101
1111111111111111111111111000000001111110000000001111011001
1111111111111111111111000000000001101111100000001111010001
1111111111111000000000000000000001001111100000001111011001
1110000000000000000000000000000001111110000000001100011001
1111111111111111110000000000000001001011000000001110011001
1111111111000000000000000000000001001111100000001111011101
1111110000000000000000000000000001111110000000001110011001
1111111111111111111111111100000001111111111110001110011101
1111111111100000000000000000000001101111000000001111010001
1111111111100000000000000000000001111111000000001100011101
1111111111111111111111100000000001111010000000001010010001
1111100000000000000000000000000001111110000000001111000001
1111111111111111111100000000000001001011111110001111011001
1111111111111000000000000000000000000011111000001000010001
1111111111111000000000000000000001001011110000001110000001
1111110000000000000000000000000001100011000000001110000001
1111000000000000000000000000000001001010000000001110000001
1111111111111111100000000000000001101111110000001010011101
1111111111100000000000000000000001101011100000001110011001
1111111110000000000000000000000001111111100000001100011101
1111111110000000000000000000000001111011000000001111011001
1111111111111111000000000000000001001011110000001111010001
1111111111111111111111100000000001101111000000001100011001
1111111111111110000000000000000001101011100000001110000011
1111111111000000000000000000000001111111110000001111011101
1111111111111100000000000000000001101011111110001111011101
1111111111111111111111111110000001101011111000001011011001
1111111111111111110000000000000001001111110000001111011001
1111111111111111111111111110000001111111100000001100011101
1111111111111111000000000000000001111111100000000100011101
1111111111111111111111111000000001111111111000001100011101
1111111111111111000000000000000001111111100000000100011101
1111111111111111111111111111110001111111110000001100011101
1111111111111111111111110000000001101111100000001000011101
1111100000000000000000000000000001111110000000001110011001
1111111111111111000000000000000001111111100000001100011101
1111111110000000000000000000000001111110000000000111011001
1111111100000000000000000000000001111110000000001100011001
1111100000000000000000000000000001001010000000001011010001
1111110000000000000000000000000001111110000000001111011001
1111111111111111000000000000000001111111110000001100011001
1111111111111100000000000000000001111111000000001010010001
1111111110000000000000000000000000000011000000001110000001
1111111111111110000000000000000001101011111100000111000001
1110000000000000000000000000000001001110000000001110011001
1111111111111111100000000000000001000011111110001010011001
1111111100000000000000000000000001000011000000001111011101
1110000000000000000000000000000001101011100000001110011001
1111111111100000000000000000000001000011111000001111011001
1111111111111111000000000000000001111111000000000000011101
1111111111111111000000000000000001111111000000001000011001
1111111111111000000000000000000000001011111000001111011001
1111111000000000000000000000000001101110000000001110011001
1111111111111111110000000000000001001111111110001110011001
1111111111100000000000000000000001001110000000001111011001
1111111111111111111110000000000001111111110000001111010001
1111111111000000000000000000000001101111110000001110011001
1111111111111110000000000000000001001011111110001111011001
1111111111111111111111111111000001111111111111101100011101
1111111111111111111000000000000001101111110000001100011101
1111111000000000000000000000000001111111000000001111011101
1111111100000000000000000000000001001111000000001100011101
1111111100000000000000000000000001111111000000001100011101
1111111111111111111111100000000001111111100000001110011101
1111111111111111100000000000000001101111110000001111011001
1111111100000000000000000000000001001011000000001110000001
1111111111111111111000000000000001111111110000001100011101
1111111111111111111000000000000001111111111100001100011101
1111111111111111110000000000000001111111000000001111011001
1111111111111111111111111111111101101111100000001110011001
1111111111110000000000000000000001111110000000001100011001
1111111111000000000000000000000001111110000000001111011001
1111111111111111111111111110000001101011111110001100011001
1111111111110000000000000000000001000011111000001010011101
1111110000000000000000000000000001101111100000001110011001
1111111111000000000000000000000001101011100000001111011001
1111111111111100000000000000000001101111110000001111011001
1111111111111111111111000000000001111111111000001110011001
1111111111111111111111111111000001111111111110001110011101
1111111110000000000000000000000001111110000000000100011101
1111111111111111110000000000000001111111100000001100011101
1111111111000000000000000000000001111111100000001111011101
1111000000000000000000000000000001111111000000001100011001
1111111111111111111111100000000001111111000000000100011001
1111111111100000000000000000000001101111110000001111011001
1111111111111111000000000000000001111111000000001011011101
1111111111111111111111111111111101101111111110001000011101
1111111111111111111111100000000001111011110000001111011101
1111111111111111111110000000000001111111100000001000011101
1111111111111111100000000000000001111111000000000000011001
1111111111111111000000000000000001111111100000001000011101
1111111110000000000000000000000001111111000000001100011001
1111111111111111111110000000000001111111100000001110011101
1111111111111111111111110000000001111111110000001100011101
1111111111111111111111000000000001111111111100001110011101
1111111111111111111100000000000001111111110000001100011101
1111111111100000000000000000000001101011100000001110010001
1111110000000000000000000000000000001011000000001111000001
1111110000000000000000000000000001000011000000001110011001
1111111111111100000000000000000001101111100000001110011001
1111000000000000000000000000000001000011000000001111010011
1111111111111111110000000000000001111111000000001100011101
1111111111111110000000000000000001101111111000001111000001
1111111111111100000000000000000001101011100000001011010001
1111111111111111111111111111000001101111111000001000011101
1111111100000000000000000000000001101011100000001010000001
1110000000000000000000000000000001111111000000001100011101
1111111111110000000000000000000001111111111000001110011101
1111111111100000000000000000000001111110000000000000011001
1111111111111000000000000000000001101011100000001110000001
1111111111111111111110000000000001111111100000001110011101
1111111111111111000000000000000001000011111110001110000001
1111100000000000000000000000000001000010000000001111111001
1111111111111111100000000000000001001011111110001011000001
1111111000000000000000000000000001001011000000001111000001
1111111111111111111100000000000001000011111000001111011101
1111111111111111100000000000000001001111100000001111011101
1111111111111111111000000000000001111111000000001000011101
1111111110000000000000000000000001001011110000001111011001
1111111111111000000000000000000001001111110000001010011101
1111111000000000000000000000000001101010000000001110010001
1110000000000000000000000000000001101010000000001110000001
1111111111111111111000000000000000000011111100001110010011
1111111110000000000000000000000001101011100000001111010001
1111111111111111111111110000000001101111111100001100011001
1000000000000000000000000000000001101110000000001110000001
1111111110000000000000000000000001001111100000001111011001
1111111100000000000000000000000001101010000000001111010001
1111111000000000000000000000000001111110000000001111011001
1111111110000000000000000000000001001111100000001111010001
1111111111111100000000000000000000001011110000001111011101
1111111111111110000000000000000000000011100000001111110011
1111111111000000000000000000000001101111000000001111011001
1111111111110000000000000000000001101111000000001110011001
1111111111111100000000000000000001101011100000001111000001
1111111111111000000000000000000001101111111000001100010001
1111111100000000000000000000000000001011110000001111011001
1111111111000000000000000000000001101111000000001100011001
1111111110000000000000000000000001101011100000001111011001
1111111111111111111000000000000001111111100000001100011101
1111110000000000000000000000000001111110000000001010011101
1110000000000000000000000000000001111110000000001110011101
1111111111111000000000000000000001001011111000001110011101
1111100000000000000000000000000001101111000000001111011001
1111100000000000000000000000000001101010000000001111011001
1111111111111111111111111000000000001111111111001110000001
1111111111111111111110000000000001001111100000001110011001
1111111111100000000000000000000001111111100000001111011111
1111111111000000000000000000000001001011000000001110011001
1111111111111111111110000000000001111111111100001011011101
1111111110000000000000000000000001101011100000001110000001
1111111111111111000000000000000001111011100000001110011101
1111111111111111110000000000000000001111110000001111011111
1111111000000000000000000000000001111111000000001010011101
1111111111110000000000000000000001101111000000001111011101
1111111100000000000000000000000001101110000000001111011101
1111111111111111000000000000000001001011110000001010010001
1111110000000000000000000000000000000011100000001111000011
1111111110000000000000000000000001101010000000001110000001
1111111110000000000000000000000001001011000000001110011101
1111111111111111111111000000000001001011100000001110011101
1111111111111111100000000000000001000011000000001111011101
1111111111111111111111111000000001111111111110001100011101
1111111111111000000000000000000001101011110000001111011101
1111110000000000000000000000000001101110000000001000011101
1111111111111000000000000000000001101011111100001111011001
1111111111000000000000000000000001101111100000001111011001
1111111111110000000000000000000001001011100000001111011101
1111111111100000000000000000000001111110000000000111011101
1111111111111000000000000000000001001111000000001111010001
1111111100000000000000000000000001101111000000001111011001
1111111111111000000000000000000001101111100000001111010001
1111111111111111111111000000000001101111111110001111010001
1111111000000000000000000000000001100011000000001011010001
1111000000000000000000000000000001111010000000001111011101
1111111111111111000000000000000000001111110000001111010001
1111111110000000000000000000000001001011000000001111000001
1111111111000000000000000000000000000011100000001011010001
1111111000000000000000000000000000000011100000001111010011
1111111000000000000000000000000001111111100000001111011001
1111111111110000000000000000000001101111111000001110011101
1111110000000000000000000000000001111111100000001111010001
1111111111110000000000000000000001001111110000001111011101
1111111111000000000000000000000001101011100000001111011001
1111111111000000000000000000000001001011000000001111011001
1111111100000000000000000000000001111011100000001111011001
1111111111111000000000000000000001111111100000001000011101
1111111111111000000000000000000001101111110000001000011001
1111111111111111111111111100000001111111111000001100011101
1111111111100000000000000000000001111111000000001111011101
1111111111111111111000000000000001101111111000001100011101
1111100000000000000000000000000001101110000000001111010001
1111100000000000000000000000000000001010000000001111011011
1111110000000000000000000000000001101110000000001111011001
1111111111110000000000000000000001101011110000001111011001
1111110000000000000000000000000001101110000000000000011101
1111111000000000000000000000000001100010000000001111011001
1111111111110000000000000000000001101011000000000110011001
1111111111111100000000000000000001111111100000000010011101
1111111110000000000000000000000001101111100000001011011101
1111111111111111100000000000000001111111110000001110011001
1111111111111111100000000000000001101111111100001111010001
1111111111111100000000000000000001111111000000000011011001
1111110000000000000000000000000001001110000000001111011001
1111111111111111111111000000000001101011000000000111011101
1111111111111111111000000000000001111011000000000111011101
1111111111111111110000000000000001000011110000000111010001
1111111111111111111111100000000001111111000000000111011101
1111111111111111111111111111111001111011110000001100011001
1111111111111111111111000000000001111111000000001000011101
1111111111111111111111111110000001111111111000001100011101
1111100000000000000000000000000001101010000000001110010001
1111111111111100000000000000000001101111000000001100010001
1111111111100000000000000000000001101111000000001100011001
1111110000000000000000000000000001111110000000000111000001
1111111110000000000000000000000000000011100000001110011001
1111110000000000000000000000000000001011000000001111010001
1111111111110000000000000000000001111111110000001110011001
1111111110000000000000000000000001101011000000001110011001
1111111111000000000000000000000001111111000000001011011001
1111111111111110000000000000000001101011100000001111000011
1111111111111111000000000000000000001011110000001111011001
1111111111111111111000000000000001001111111100001111011101
1111111100000000000000000000000001001011111000001111011001
1111111111110000000000000000000001111111000000001100011101
1111111111111111111100000000000001111111100000000010011101
1111111111111111111111111111111001111111111000001100011001
1111111111000000000000000000000001111111000000001000011101
1111110000000000000000000000000001101111000000000111011101
1111111111111100000000000000000001111111000000001111111001
1111111111111111111111111000000001111111111000001100011101
1110000000000000000000000000000001111110000000001111010001
1111111111111111111111111111100001101111000000000111011001
1111111111111111111000000000000000000011111000001110010011
1111100000000000000000000000000001000010000000001111010001
1111111111111111000000000000000000000011111100000110011001
1111111111111111000000000000000001101111111000000111011101
1111111111111111111111111111110001001011111100000011011101
1111111111111111111111111000000000000011111100001111011001
1111111111111111111100000000000001111111100000000111011101
1111111111111111111110000000000001101111100000000111011101
1111111111111111111110000000000001101111110000000110011101
1111111111111111111000000000000001111111100000000111011101
1111111111111000000000000000000001001011110000001111010001
1111111111110000000000000000000001111111000000000110011101
1111111111111111111111111111110001111111110000000100011101
1111111111111111110000000000000001111011100000000110011101
1111111111111111111111111110000001101011000000000011011101
1111111111110000000000000000000001111111100000000011011101
1111111111110000000000000000000001101011100000001010011101
1111111111111111110000000000000001111111111100001110010001
1111111111100000000000000000000001001111110000001111011101
1111111111111111111100000000000000001011111100001111010001
1000000000000000000000000000000001000000000000001011010001
1111100000000000000000000000000001101010000000001111010001
1111111110000000000000000000000001000010000000001111000001
1111111000000000000000000000000001001011000000001011010001
1111111110000000000000000000000001000010000000001111011001
1111111111111111111000000000000000000011110000001011111101
1111111111111111000000000000000001101111110000001111010001
1111111111111111111110000000000001001011111000001111110001
1111111111111110000000000000000001101111110000001011011001
1111111110000000000000000000000001101111100000001111011101
1111111111000000000000000000000001101111110000001110011101
1111111111111111111111100000000000000011000000001010011101
1111100000000000000000000000000001101011000000001110011001
1111111111111111111000000000000001100011111111001011011101
1111000000000000000000000000000001000010000000001111010001
1111111111111111111111110000000001001011111000001111011001
1111111111111111111111111000000001101011111110000110011101
1111111111111111111100000000000001001111111110001100011101
1111111111111111111111110000000001001111100000000111011101
1111111111111111000000000000000001111111100000001000011101
1111111100000000000000000000000001101111110000001110011001
1111000000000000000000000000000001101110000000000110011101
1111111111111111000000000000000001111111110000001000011101
1111110000000000000000000000000001000011100000001011011001
1111111111111100000000000000000001101011110000001010010001
1111111111111110000000000000000001111111100000001000011101
1111111111111111111000000000000001101111111000001100011101
1111111111111111111111000000000001111111000000001111011101
1111111111111110000000000000000001111110000000001100011101
1111111110000000000000000000000001111111000000001110011101
1111111111111100000000000000000001111111000000001100011101
1111110000000000000000000000000000000011000000001111011101
1111111111111110000000000000000001111111100000001100011101
1111111111111000000000000000000001111111100000001111011101
1111111111111000000000000000000001001011100000001011010001
1111111111111111111111000000000001111111100000000011011011
1111110000000000000000000000000001101111000000001110011101
1111111111111111111111111111100001111111100000001100011101
1111111111000000000000000000000001101111100000001111010001
1111111111111111111110000000000001111111100000000111011101
1111111111111111111100000000000001111111100000000110011101
1111111111111111100000000000000001111111000000001110011101
1111111111111111000000000000000001111111100000001000011101
1111111111111111111000000000000001111111110000000000011101
1111111110000000000000000000000001111110000000001100011101
1111111111111110000000000000000001111111100000001111111101
1111111110000000000000000000000001001011111000001110011001
1111111111000000000000000000000001100011111000001110010001
1111111000000000000000000000000001001011100000001110011001
1111111111110000000000000000000001101111100000001100011101
1111111111111111110000000000000001101111100000000011011101
1111111111111111111111111111110001101111111111001111011101
1111111110000000000000000000000001111110000000001100011101
1111100000000000000000000000000001000011100000001011000011
1111111110000000000000000000000001001011110000001011010001
1111111111110000000000000000000001001011111100001110011101
1111111111111111111100000000000001001111111111101100011111
1111111111111111111111111111110000000011111111001011011111
1111111111111111111000000000000001000011111100001011000010
1111111111111111111111111000000001100011111111101110011000
1111111111100000000000000000000001001110000000001000000000
1111111110000000000000000000000001111100000000001011011100
1111111000000000000000000000000001000011000000001111011000
1111111111111111111111111111111100000010000000001011011010
1111111000000000000000000000000001111100000000001000011100
1111111111111110000000000000000001101111000000001111011000
1111111111111111111111111111111111111110000000001111011100
1111111111111111111111111100000001001011000000001100011100
1111111111000000000000000000000001001111100000001111011100
1111100000000000000000000000000001000010000000001111010000
1111111111111000000000000000000001101111110000001100011100
1111111111111111111111000000000000000011111111111110011000
1111111110000000000000000000000001111111000000001111010000
1111110000000000000000000000000001111100000000001111010000
1111000000000000000000000000000001101100000000001111011000
1111111111111111111000000000000001111110000000001100011000
1111111111111111000000000000000001001010000000001111011000
1111111111111111111111000000000001001111100000001100011000
1111111111100000000000000000000000000011110000001100011110
1111111111111111111111111000000001001110000000001110011000
1111111111110000000000000000000001101100000000001000011000
1111111000000000000000000000000001111110000000001011011000
1111111111100000000000000000000001111110000000000010011100
1111111111111111100000000000000001111111000000000100011100
1111111111111111111111100000000001000011111000001011010010
1111111111111111111111111000000001000011111000000110010000
1111111111111111111111110000000001000011111110001100011000
1111111111111111111111111110000001101111111111101111011000
1111111111111111111000000000000001101111111100001010010000
1111111111111111000000000000000001101100000000001111011100
1111111111111111111111111111111111001011110000001110011000
1111111111111111111111111111111001000011110000001111000000
1111111111111111111111111100000001111110000000001110011100
1111111111111111111111111111111101111111110000000100011100
1111111111111111111111111100000001111111100000001100011100
1111111111111111111110000000000001111111000000001100011100
1111111000000000000000000000000001101010000000001010011100
1111111100000000000000000000000001101100000000001010011000
1111111111111111111111111110000001001011100000000110011000
1111111100000000000000000000000001101011000000001011010000
1111111111111000000000000000000001001100000000001011011100
1111111111111111111111111111100000000000000000000010000000
1111111111111110000000000000000001111111100000001010011000
1111111111111111111111111111000000001111111111001100010000
1111111111110000000000000000000001001010000000001111000000
1111111111110000000000000000000001101110000000000110010000
1111111111111111100000000000000000000000000000001011011000
1111111111111111111111111110000001111111111100001100011000
1111111111111111110000000000000001101111110000001100011000
1111111111111111111100000000000000001111000000001110010000
1111110000000000000000000000000001111100000000001010011100
1111111111111111111000000000000001001011111110001111011010
1111111110000000000000000000000001111110000000001100011100
1111111111111111111111111110000000000011111110001110010010
1111111111111111111111111111110000001111111110001100011110
1111111111100000000000000000000001101111000000001100011000
1111111111111100000000000000000000000011111110001110011000
1111111110000000000000000000000001111110000000001111011100
1111111111111111111111111100000001111110000000001000011100
1111111111111100000000000000000000001010000000001111011100
1111111111100000000000000000000001101011110000001110011100
1111111111111111111111111111100001001011111111101110011000
1111111111111000000000000000000001101111000000001100011000
1111111111111111111100000000000000001110000000001111011000
1111111111111111111111111111111110000011111110001111000010
1111111111111111111111111111111000001111111110001110011000
1111111111111100000000000000000001111111110000001110011100
1111111100000000000000000000000001001011000000001111000000
1111111111111111111111111111111100000011111100001110011010
1111111111111111111111111111111000000011000000001110011010
1111111100000000000000000000000001101110000000001011011000
1111111111111111111111111111111101101111111000001110011000
1111111111111111111111000000000000000011111110001111011010
1111111111111111111111111111100001101100000000001100011000
1111111111111111111111111110000001111111100000000110011100
1111111111111111100000000000000000000011111000001111000010
1111111111111111111110000000000001101111111110001111011100
1111111111111111111100000000000001000011111100001110011000
1111111110000000000000000000000001101111100000001100000000
1111111111111111111111111111111111111111111100000000011100
1111111111111100000000000000000001111110000000001000011100
1111111111111111111000000000000001111111111000001100011100
1111111111110000000000000000000001001100000000001111000000
1111111111111100000000000000000001110000000000001011011000
1111111111100000000000000000000001111111000000001000011100
1111111111111111111111111111100001001111111110001110011000
1111111111111111111111111111110001100011111000001111010000
1111111111110000000000000000000000001100000000001011100000
1111100000000000000000000000000001001100000000001110010000
1111000000000000000000000000000001101111000000001111011000
1111111111110000000000000000000001101011111000001111011000
1111111110000000000000000000000001101010000000001110010000
1111111111111111111111000000000000000011111100001110000010
1111000000000000000000000000000001101110000000001111010000
1111111100000000000000000000000001101111000000001110011100
1111111111111111111111100000000001100010000000001110011000
1111111110000000000000000000000000001010000000001111110000
1111111000000000000000000000000001101111110000001111000010
1111111100000000000000000000000001111110000000001000011000
1111111111000000000000000000000001111111100000001100011100
1111000000000000000000000000000001101111000000001111010000
1111111111111110000000000000000001101010000000001011011100
1111110000000000000000000000000001111100000000001110000010
1111111111111111111100000000000001001011111100001110011000
1111111111111111111111111111100001101100000000001100011000
1111111111111111111111111111111001000011111110001110010000
1111111111111100000000000000000001001010000000001110000000
1111111111111111111000000000000001111111100000001100011100
1111111111111111110000000000000001000011111111001010011000
1111111111110000000000000000000001111110000000001000011000
1100000000000000000000000000000001101110000000001111011000
1111111110000000000000000000000001001011000000001111010000
1111111111100000000000000000000001101100000000001011011000
1111100000000000000000000000000001111110000000001111011100
1110000000000000000000000000000001111110000000001100011000
1111111111000000000000000000000001111100000000001111011100
1111111111110000000000000000000001111111111000001100011100
1111111111111111111111000000000000001011110000001010010000
1111111111111111111111100000000001001011111111101111011100
1111111111111111111111111111100001001011111100001111010010
1111111111111100000000000000000001101111110000000110011000
1111111111111111111111111111111001001111000000001111010010
1111111111111111111111000000000001000011111100001111011100
1111111111111111111111111100000001101011111000001110010000
1111111111111110000000000000000001111111000000001100010000
1111111111111111111111111111000000000011000000001111000000
1111111111111111111111111100000001111111100000001000011100
1111111111110000000000000000000001111111000000001100011000
1111111111111111110000000000000001001111111100001011011100
1111111111111111111111111111100000001011111110001000011000
1111111111111111111111111110000001111111111000001100011000
1111111111110000000000000000000001101100000000001011011100
1111111111100000000000000000000001101100000000001111011000
1111111111000000000000000000000001001010000000001011111100
1111111111000000000000000000000001101110000000000110010000
1111111111111111111110000000000001101111110000001010011100
1111111111111111111111111111111101101111111111101100011100
1111111111111111111111111111111001001011111111111111000000
1111110000000000000000000000000001001110000000001111011100
1111111111111111111111111111111101111110000000000100011100
1111111111111111111111111100000000001011111111111110011100
1111111111111111000000000000000001111111100000001100011100
1111111111111111100000000000000001111111100000000000011000
1111111111111111111111111111100001111110000000001000011100
1111111111000000000000000000000001001010000000001011011110
1111111111111111111111111111100001111110000000001100011100
1111111110000000000000000000000001101010000000001010011100
1111111111111111111100000000000001111011100000001011010000
1111111111111110000000000000000001101011000000001011011000
1111110000000000000000000000000001101111000000001111011000
1111111111111111111111111111110001111111111111101100011000
1111111111000000000000000000000001001011100000001111011100
1111111110000000000000000000000001100010000000001011011000
1111000000000000000000000000000001111100000000000010011100
1111111111111110000000000000000001101111100000000010011100
1111111111111111111100000000000001101011100000000010011010
1111111111111111111111111111111001100011111000001111111100
1111111111111111111111111110000001101111000000000111011100
1111000000000000000000000000000001101100000000001111011000
1111111100000000000000000000000001111111110000001100011100
1111111111111111100000000000000001000011100000000010011100
1111111111111111111111111000000001101111100000000110011100
1111111111111111111111111111111101101111110000000110011100
1111111111111111000000000000000001111110000000000100011100
1111111111111111111111000000000001101011110000000011010010
1111111111111111111111111111111101101111111110001111011000
1111111111111111110000000000000000001011110000001011011100
1111111111111110000000000000000000000011111100001111010000
1111111111111111111111111111110000000011111110001111000010
1111111111111111111111111111100001000011111110001111000010
1111111111111111110000000000000001101111110000000111000010
0000000000000000000000000000000001001110000000001111011100
1100000000000000000000000000000001100010000000001111000000
1111110000000000000000000000000001000010000000001111000010
1111111111111111000000000000000001000011000000001110011100
1111111111111111111111111000000000001011100000001010011100
1111110000000000000000000000000001101011000000001110011100
1111111000000000000000000000000001100000000000001110010000
1111110000000000000000000000000001101100000000001011011100
1111111111111111111111110000000001000011111100001110010010
1111111111111000000000000000000001101110000000000110011000
1111111111111111111111111100000001111100000000000011011100
1111111111111000000000000000000001101111000000001111011100
1111111111111110000000000000000001100010000000001111011100
1111111111110000000000000000000001111111100000000000011100
1111100000000000000000000000000001001000000000001111011100
1111111111000000000000000000000001111111000000001100011000
1111111111111111111110000000000001101100000000001111011100
1111111100000000000000000000000001101111000000001110010000
1111111110000000000000000000000001111100000000000110011100
1111110000000000000000000000000001000000000000001110010000
1111111111111111111111111111100001111110000000001100011100
1111111111111111111111111111111001111110000000001100011100
1111111111110000000000000000000001111111111000001011011100
1111111100000000000000000000000001000011110000001111011100
1111111111111111110000000000000001101011111100001110011000
1111111111111111111111111111111001001011111000001100000000
1111111111111110000000000000000001101111000000001100011100
1111111111000000000000000000000000001010000000001111000000
1111111110000000000000000000000001111111100000001100010000
1111111111111111111111111111111000000011110000001110010000
1111111111111111111111111111111100000011111110001100000010
1111111111111111111111000000000001000011111111101111010000
1111111111111111000000000000000000001011110000001110010010
1111111111111111111111111111111000000011000000001110011100
1111111111100000000000000000000001111111100000001100011100
1111111111111111111111110000000000000000000000001111010000
1111111111111111111111111111110001111111111100001100011100
1111111111111111100000000000000001101011100000001111011100
1111111111111111111111111111111110000011111000001010010010
1111100000000000000000000000000001001111100000001111010000
1111111111111110000000000000000001111100000000000010011100
1111111111111111111111111100000001111111110000001111011101
1111111111111111111000000000000001111111100000001100011101
1111111111111110000000000000000001111111110000001111011001
1111111111111111111111111100000001111111111100001100011001
1111111111111111111111111111111111101111110000001111011101
1111100000000000000000000000000001111110000000001100011001
1111111111110000000000000000000001101111100000001100011101
1111110000000000000000000000000001111110000000001100011001
1111111111111111111100000000000001111111100000001000011101
1111111111111111111111111111100001000011111111001111011001
1111111111111111111111110000000001111111110000001100011101
1111111111111100000000000000000001000011111110001111011101
1111111111111111111000000000000001111111111000001000011101
1111111111000000000000000000000001001111000000001100011101
1111111111111111111111111111100001111111100000001100011101
1111111111100000000000000000000001101011000000001111011101
1111111111111111000000000000000001111111110000001100010001
1111111111100000000000000000000001111111100000001100011001
1111111111110000000000000000000001111111000000000100011101
1111111111111100000000000000000001111111100000001110000001
1111111111111111110000000000000001111111110000001110011101
1111111111000000000000000000000001101111100000001110011001
1111111111111111111111111111000000001111000000001100011001
1111111111111000000000000000000001111111100000001100011101
1111111111000000000000000000000001101111000000001111011001
1111111111111111111111111000000001111111111110001100011101
1111111111111111000000000000000001101011110000001011011001
1111111000000000000000000000000001100010000000001011011001
1111111111111111111111000000000001001011110000001100010001
1111110000000000000000000000000001111110000000001010010001
1111111111111111110000000000000001101111100000000100011101
1111111111111111111111000000000001101111111110000110011001
1111100000000000000000000000000001111110000000001100011101
1111111111111111111111111110000000001011110000001100011101
1111111111111111111111111111000001101011111111001100000001
1111111100000000000000000000000001111110000000001110011101
1111111111100000000000000000000001111110000000001011011001
1111111111111111110000000000000001101111110000001111011001
1111111111111000000000000000000001101111000000001100011101
1111111111000000000000000000000001111110000000001010011001
1111111111111111111110000000000001111111111110001100011101
1111100000000000000000000000000001101111100000001100011101
1111111111111111111111111111111001111111110000000110011101
1111111111111111111111111000000001111111100000001010011001
1111111111111000000000000000000001101111100000001100011001
1111111110000000000000000000000001111110000000001000011101
1111111111111111100000000000000001111111000000000000011001
1111111000000000000000000000000001111110000000000100011101
1111111111111111000000000000000001111111110000001110011001
1111111111111111111111111111100001111111100000001100011101
1111111111111111111110000000000001111111110000001100011101
1111111111111111111000000000000001001111110000000111010001
1111111111111111111110000000000001111111100000001111011101
1111111111111111111000000000000001111111111000001110011101
1111111000000000000000000000000001111110000000001111011001
1111111111111111111111000000000001000011111110001110010001
1111111111111111111111111000000001111111110000000010011101
1111111111111111111000000000000000000011111111001011000001
1111111111111000000000000000000001111111100000001111010001
1111111111000000000000000000000001101011000000001100011001
1111110000000000000000000000000001101011000000001111011001
1111111111111100000000000000000001001011111000001111000011
1111111111111111111100000000000001111111100000001111011001
1111111111000000000000000000000001101111100000001100011101
1111111111111111000000000000000001111111000000001011011101
1111111111111111111111100000000001111111100000000110011101
1111111111111000000000000000000001101111100000001100011001
1111111111111111111111110000000001111111111000001100011001
1111111111111111111111111110000001101011111100001011010001
1111111111111111111111111111000001101111111100001111010001
1111111100000000000000000000000001111111000000001110011101
1111111111111111111111111100000001111111100000001000011101
1111111111111111100000000000000001101111000000001100011101
1111111100000000000000000000000001111110000000000110011001
1111111111110000000000000000000001101111000000000110011001
1111111111111111000000000000000001000011111000001010010001
1111111111000000000000000000000001000011110000001111011101
1111111111100000000000000000000001111110000000001100011101
1111111111111111111111111000000001101111100000000110011101
1111111111110000000000000000000001101111000000000111011001
1111111000000000000000000000000001111110000000001011011101
1111111111111110000000000000000001000011110000001111111011
1111111111111111100000000000000001111111100000000110011101
1111111111111111111000000000000001111111111000001100011101
1111111111111111111111100000000001101111111000001111011101
1111111111100000000000000000000001111111000000001100011001
1111111111111111111111111111111101111111100000000100011101
1111111110000000000000000000000001100011000000001011011101
1111111111111111111111000000000001111111110000001110011101
1111111111111111111111111111111101111111111110001000011101
1111111111111111110000000000000001111111110000001011011001
1111111111111111111100000000000001101011110000001100011001
1111111111111111110000000000000001111111100000001011011101
1111111111111111111111111100000001111111110000000010011101
1111111111111111111111111111100001101011111000000100011001
1111111111111111111110000000000001111111110000000110011101
1111111111111111111111000000000001111111100000000010011101
1111111111111111111111111100000001101011110000000111011101
1111111111111111111111111100000001001111111000000110011001
1111111111111111111111111000000001111111111100001100011101
1111111111111111111111111110000001111111111000000100011101
1111111111111111110000000000000001111111000000000011010001
1111111111111111111111111111000001001010000000000110011101
1111111111111111111111111000000001111111110000000100011101
1111111111111111111100000000000001111111100000001100011101
1111111111111111110000000000000000000011111000001111011101
1111111111111111000000000000000001100011111000001111011001
1111111111111111110000000000000001101011111100001100011101
1111111100000000000000000000000001111111000000001011011001
1111100000000000000000000000000001101010000000000111010001
1111111111111111111111000000000001111011111111001111011001
1111111111111111111111100000000001111111100000001000011101
1111111111111111111000000000000001000011111100001010010011
1111111111111100000000000000000001001011111110001111011001
1000000000000000000000000000000001101110000000001111011001
1111111111111111000000000000000001001111100000001111011101
1111111111111111111111111110000001111111111000000100011101
1111111111111110000000000000000001000011110000001111011001
1111111100000000000000000000000000000011100000001111010001
1111111111000000000000000000000001001111100000001100011001
1111111111111111111000000000000001101111110000001000011101
1111111111111111111111111111110001101111110000001011011101
1111111111111000000000000000000001001011100000001111011001
1111100000000000000000000000000001101110000000001011011101
1111111111111110000000000000000001111111111000001000011101
1111111100000000000000000000000001111111000000001111011001
1111111100000000000000000000000001001111100000001111011001
1111111111111111111100000000000001111111110000001100011001
1111111111111111111110000000000001001011111111001111011001
1111111111111111111110000000000001101011111100001111011001
1111111111111111111110000000000001101011111111101100010001
1111111111111111111111111111000001111111110000000110011001
1111111111111111111000000000000001001011111100001110011001
1111111110000000000000000000000001111111100000001111011001
1111100000000000000000000000000001111111000000001110011001
1111111100000000000000000000000000000011100000001111010001
0000000000000000000000000000000001001010000000001111000001
1111100000000000000000000000000001100010000000001111000011
1111111110000000000000000000000001001111000000001110011101
1111111111000000000000000000000001111110000000001010011101
1111111111111111111111111110000001111111000000001100011101
1111111100000000000000000000000001111110000000001100011101
1111111111111100000000000000000001101111100000000111011001
1111111111111100000000000000000001001011100000001111011001
1111111111000000000000000000000001111111000000001111011001
1111111111111000000000000000000001001111110000001111010001
1111111100000000000000000000000001101111110000001111000001
1111111111111000000000000000000001101011000000001111010001
1111111111111000000000000000000000000010000000001111011001
1111110000000000000000000000000001111110000000001110011101
1111111111111100000000000000000001101011110000001011010001
1111111100000000000000000000000001111110000000001110011001
1111111110000000000000000000000001111111000000001100010001
1111111111111111111111111111000001111111111000001000011101
1111111111110000000000000000000001001011100000001110011101
1111110000000000000000000000000001101010000000001111010001
1111111111111100000000000000000001000011111100001010011001
1111111110000000000000000000000001101111100000001110011101
1111111110000000000000000000000001111111000000001111011001
1111111111111111100000000000000001111111000000001000011101
1111111111111111100000000000000001101011110000001010011001
1111111111000000000000000000000001101011000000001010010001
1111111111111000000000000000000001101111111000001111011001
1111111111111111000000000000000001101011110000001110000001
1111111111111100000000000000000001111110000000001011010001
1111111111111111111110000000000001111110000000000100011101
1111111111111110000000000000000000000011110000001111011001
1111111111111111111100000000000000000011110000001111000011
1111111111111111111100000000000001000011111110001010010011
1111111111000000000000000000000001101111000000001010011101
1111111111111111111100000000000001111111100000001100011101
1111111111110000000000000000000001111110000000001110011101
1111111111111111100000000000000001111111111000001111011001
1111111110000000000000000000000001101111000000001010011101
1111111111111110000000000000000001111111000000000100011101
1111111111111111111111000000000001111111110000001000011101
1111111111111111111000000000000000000011111000001111011001
1111111111111111100000000000000001111111100000000010011101
1111111111111100000000000000000001000011000000001111010001
1111000000000000000000000000000001101011000000001110010011
1100000000000000000000000000000001101010000000001110010001
1111111111111100000000000000000001100011100000001111011001
1111111111111111111000000000000001001011111100001011010001
1111110000000000000000000000000001101011000000001111000001
1111111111110000000000000000000001001111111110001111011001
1111100000000000000000000000000001101010000000001111000001
1111111111100000000000000000000001101111110000001111011101
1111111111111100000000000000000001101111100000001111011001
1111111110000000000000000000000001101111000000001111011001
1111111111000000000000000000000001111111100000001111010001
1111111111111111111110000000000001001111111000001100011101
1111111111111111111111111111111000001011111111001011011001
1111111111111111111100000000000000000011111000001111011001
1111111111111111111100000000000001001011111100001110011101
1111111111111111111100000000000001111111100000001110011101
1111111111110000000000000000000001111111110000001111011101
1111100000000000000000000000000001111111000000001111011001
1111111110000000000000000000000001111111000000001110011001
1111111111111100000000000000000001101111100000001111011101
1111110000000000000000000000000001101011100000001111011001
1111111000000000000000000000000001111011000000001010011001
1111111111111111111100000000000001101111111111001111011101
1111111111110000000000000000000001111011000000001111010001
1111111111111111111111111111110001000011111000001110011101
1111111111111111111111111111111001111111111000001111010001
1111111111111111111111111000000000001111111000001010011101
1111111111111111111111111111000001111111111000001111011101
1111111111111111110000000000000001001011100000000111010011
1111111111111111111110000000000001001011111100001111011101
1111111111111111110000000000000001111111000000000100011101
1111110000000000000000000000000001001111000000001111010001
1111111111111111100000000000000001001011110000001110011001
1111100000000000000000000000000001101111100000001111000001
1111111111111110000000000000000001111111110000001011011101
1111111111111111111111111000000001111011111000001011011101
1111111111111100000000000000000001111011110000001111011001
1111111111111111000000000000000001001111111000001111011101
1111111111100000000000000000000001111111000000000010011101
1111111111000000000000000000000001111110000000000010011101
1111111111111111111111111100000001111111111000000110011101
1111111100000000000000000000000001111110000000001100011001
1111111111111111111110000000000001111111111100001100011101
1111111111111100000000000000000001001011111000001011011101
1111111111100000000000000000000001111110000000001100011101
1111111111111111110000000000000001001111111100001111011001
1111111111111111000000000000000001101111111000000100011101
1111111111110000000000000000000001111110000000000010011101
1111111111111000000000000000000001101010000000000010011101
1111111111111111111111111100000001111111100000000110011101
1111100000000000000000000000000001000000000000000111111101
1111110000000000000000000000000001111111000000001111011101
1111111111111111111100000000000001111111100000000111011101
1111111111111111111111111111100001001011100000000010011101
1111111111111111110000000000000001111111000000000010011101
1111111111111111111000000000000001001011111000001111011001
1110000000000000000000000000000001111110000000001110011001
1111111111100000000000000000000001111111110000001111011001
1111111111111111111110000000000001001111110000001010011001
1111111111000000000000000000000001100011110000001111011101
1111111111110000000000000000000000001011111000001111011101
1111111111111110000000000000000001101111111000001100011101
1111111111111111000000000000000001000011111100001110011001
1111111111111111111111110000000001000011110000000010011101
1111111111100000000000000000000001101011111000001110011101
1111111111100000000000000000000001000011100000001110010011
1111111111111111111110000000000001111111111000000010011101
1111110000000000000000000000000001111010000000001110010001
1111111111100000000000000000000001111111110000001100010011
1111100000000000000000000000000001111110000000000110011101
1111111111111100000000000000000000001011000000001111011101
1111111000000000000000000000000001000010000000001110011101
1111111110000000000000000000000001001111100000001100011001
1111111111111111111111111100000001001111111100001110011101
1111111111111000000000000000000001111111100000001100011101
1111111111111111100000000000000001111111000000001010011101
1111111111111111100000000000000001111111100000001100011101
1111111111111111111111100000000001101011111110001000011101
1111111111111111100000000000000001101011110000001010010001
1000000000000000000000000000000001101010000000001110011101
