1110011111011100010001110011101111
1000000000011000010001000011001100
1111011111110000000000000011111101
1000000000011000000101100000000000
0000011111000000010111111111111101
1100011000011110000001000010001000
1100000000000000010101100010001001
1111111000000000000001110000001000
1000011111111100011111100000001111
1111011110011111100000000010001111
1100011000011111100001111000001000
1111111111111110000001111011101101
1111111111011111000001000011111110
1000011111110000000111100011001111
1100011111111100000111000011101111
1111010000000000000001100011101101
0000011000011111111111111111101101
1111011000011110000001100010001101
1000010000000000010101111100001100
1000011000011100010101110011101101
1100011110011111111111111011111000
1111010000011111100001110011001110
1111011111111111100001111011101111
1111011000011111010001100011001001
1111111111011111110111111010001111
1111111110011100000101100010001111
1111011111011110000001111010001111
1000010000011000000100000011100000
1111111111011111100100000010001110
1100011000011111100001110011001100
1100011000011110000001110011101110
1100011111111110010111100011111001
1100000000000000000101000011000000
1110010000011111100000000000001000
1111111000011110010001000011101110
1100010000010000010110000011111100
1111111111011110000001110011101100
1111010000011110010001110011111111
1000000000011000011001111011101001
1100011000011100011111111011111111
1100011111110000000101110011001000
1111011111011111100001111011111100
1111011000011111100000000010001110
1111011111111111100111111111111111
1111011111110000000001000011001100
0000011111111000010001111011111001
1000011111000000000001100011101000
1000000000011100010001100011100000
1111010000011000010001111011001101
1111011000000000000000000011000000
1000010000011111000100000011100000
1000010000000000000100000011101000
1100000000011000000101000011001000
1111011111111111110111110011101111
1111011111011000011111110011111110
1000000000000000000000000010000000
1111011111111000010111111010001111
0000010000011111111101111111111100
0000011111011111100001111011111110
0000011000010000011111111000000000
1000000000000000000000000011000000
1111011111011100000001110011001101
1100000000010000000001000011101100
1000011111000000010101000011110000
1111011000011000000001110010001111
1100010000011110010001100010001100
0000011000011111110001110011111101
1000011000011111100001111111111110
1000010000011000000100000011001000
1100011111011111110101100000001000
1000010000011000000101110011111001
1100011111010000010101100011101000
1111111110011111100001111111101111
1100011110011111100111110010000000
1000000000011110010001100011000000
1000000000000000000001000000000000
1111000000011110000001110011001110
1100010000011100010001111011001000
0000011110000000000001111111001001
1000011000011000000001000011000000
1100011000000000000000000000000000
1000000000000000000000000000000000
1111000000011110000101100011111100
0000010000011000010001000010000000
1100011111011111100001111110001101
1000011000011110010101110011111000
1111111000011100011001111000001110
1000010000011000000101111011001000
1111111111011100010101111000001111
1000011000011000000001000000000000
1000000000000000000000000010000000
1100011100011111000111100011101100
1111000000011110011101111111001110
1100011111011100000000000011001111
1000011111011111100101000011110000
1110011111011100010111110010001100
1000010000010000010001100000000000
1000000000000000000100000011000000
1110010000000000010101100011000000
1000011000011111111111111111001101
1000011111111100000001111011111101
1000011111110000000001000000000000
0000011110011111100000000011000000
1000000000011100000101000011000000
1000000000011000000001111011111000
1000011110000000010111100011110000
1000010000011111100000000010001000
1100011111000000010101100011001100
1100000000000000010001110011001000
0000010000011111100101111010000001
1100011111111100010101110000000001
1111011111110000000111110011101111
1000000000011110010101100000000000
1100000000010000000001110011001000
1111011111100000010111100011101101
1100011111011111100001100011101111
1100011110011110000001110010001101
1100000000000000000001110011111000
1100010000010000000001100011100000
1100010000011110000100000010000000
0000011111111110011101111111111001
1110011000010000010001110011000000
1000011000011110010101110011100000
1100011110011111000001000000001110
0000011000011110000001110011000001
1000000000000000011101111111101001
1100011000011100010101111111101000
1000011000000000010101110011000000
1000011000011111100111110011101101
0000011000011111100001100011111111
1100011111111100000111100011001101
1111011000000000000001110011111101
1100011111110000010111110011001001
1111000000011110010001111011101100
1000010000011000000100000011111000
1000011110010000000101110000001100
0000010000011100000101100011100000
0000010000010000000101100011100000
0000011110011111000001100011111000
1100011000011100010111111000001000
1100011110011110000000000011001110
1100011000011111110001111011001100
1000011000000000000101110011000000
1111111000011000000001110011001111
1100011111110000010111110010000000
0000010000011110000000000011100000
1111000000011111010001110000001110
1000011000010000010101100011111100
1100011111011110000001110010001110
1000000000011100000001000000000000
1000011111011110011111111011000000
1100011000011000000000000011101100
1111011111111111110111110011111111
1000011111111111111111111011110000
1111011111111110000001111100001111
1111011111111111111001111111001101
1000010000000000000101000011110000
1000011000000000000101000011110000
1000000000011110000101100010000000
1111111111111100011101111011111111
1100011111111111110001100011001100
1111010000011110011101111010001110
0000011000011111010111111100001000
1000010000010000000001100011000000
0000011110011111100001100011111101
1110011000011110000111100011111111
1100011111011000000001110010000000
1100011000011000000001100011111100
1100011000011000000001100011101000
1100011000011111100101100011101000
1110010000011111100001100000001101
1110011111011100000101110011101001
1000000000000000000001100011111000
1000000000010000011101111111110000
1000000000010000000101100011001100
1111011111111100011101110011111101
1110000000011110000001100011001110
0000011110011111111101111111001001
1100011111011110000001111100001110
1100011110011111100001111011111101
1110000000011111000000000000001100
0000011000010000000101110011110000
1000000000011110000101000011000000
1100000000010000000001000011001000
1100011111011110000001000010001100
1111011111111000010001110011111111
1111011111111000010111100011101111
1000011110011111111101100011111101
1111011000011110010101100011111101
1100011111011111010111100011001001
1100011000010000000000000000000000
1111011100011100011101110011001100
1111011111111000000001100011001101
1111111111000000000001111111101101
1111000000000000000001000000001110
1100011111111111111111111011001001
1000011000000000000001000000000000
1100011000010000000100000011110001
1100011000010000011101110011111001
1100011111010000010111100000001001
0000011000011111000001100011110000
1000011111011111100001111010001000
0000011000011000000001000011111100
1000010000011100000100000010001000
1110010000011100010111111011001110
1100011000011100010000000011101000
1111011111111110010111111011101111
1100011111111111100001111000001111
1000010000010000010101110011000000
1111011111111111110001110011001111
1000000000010000000001000011001000
0000011111011111111001111111000000
1111011111111111110001110000001110
0000011111011000000101111111100001
1111011000011111110111110011001101
1111111111111100011111111011111101
1100011000010000011101110011101001
1110011110011000010101100011101100
1100000000011110000001100011111101
1100011000011000000001111011001111
0000011111110000010111110011110001
1000011111111111100001100011111111
1111011000000000000001000010001100
1111011111010000010111100011111110
1000010000011000000100000011111000
1000000000011110010101110000000000
0000010000011110000001110000001000
1100011111100000010001111011110001
1100011111111100010111111011111100
0000011000011111010101111100000000
1100011111011111100001111111110001
1110011111011111010111111110001111
1000000000011111000101000011100000
1100011000011000000001110011001000
1100000000011000010101100011000000
1100011111111100000001111111101001
1111011111111111100111110011101111
0000011111111111110001111111110001
1111011111111111100001100011111101
0000011000011110000000000011101000
1000000000010000000001100000000000
1100000000011100010101110011100000
1100011111000000000001000011100001
1110011000000000000111000011111101
1000011111011110010111111011001000
1111011111111111100001100011111111
1111111000011000000001100010001110
0000011111111111110111111111100000
1111011110011100010111110011001100
1000011000011111100001100000000000
1111011000000000000001100011001110
1000011110011111100001100011001000
1000000000011111000101000010000000
0000000000011000010001110010001000
1111110000010000000111000011111111
1000011000010000010001110011100001
1100011000000000010001100011101000
1000011000011000000001100000001000
1000011111100000000111000011110000
1111111111111110010111110011111111
1100011111111000000101100011001100
1100011111000000000001100011111001
1100010000011100010001100011100000
1100011111011111000001110000001110
1100011100010000000001100010001101
1100010000011110000101110011111110
0000011111000000000001110011111001
1000011110010000011001111011110000
0000010000000000000001000000000000
1000011111000000000001000010001001
1111110000011111110001111111111101
1000011000010000010101000000000000
1100011000011110000000000010001100
1000000000011110011101110011100000
1111111000011100000001110010001110
1000010000011100011101111011111000
1111011000010000000001000011001001
0000011000010000000101000011100000
1100011000011110000001000011111110
1000011000010000000111000011110000
0000011111011100000001111011001001
1111111110011110010101110011001100
1111011111011111100111110011001100
1111011111111111100001100000001111
1000011000011111000001000010001111
1111011111011110000101000011111110
1100011111111111111111111011101100
1000011000011111110111111111111001
1100010000000000000100000011001000
1100011000011100011101110011001100
0000000000011111110101111011100000
0000011000010000010101111011111001
1000011110011110010111111111111101
1000011110000000011111111011100001
0000011111100000000000000010001110
1110011111110000010101110011111000
1000011111011100010111100011001001
0000011110011111110111100011100000
1111110000011110000111111011101111
1111011000011100000000000011111110
0000011111100000000001110011111001
1000011111000000010101100011101001
1100000000011111111101110000001100
1100011000011111100001111110001001
1100011111011110000000000010001100
1000011000011110010101111010001000
1111111111111000000101000011001111
0000011111011000000111000000000000
0000011110011000000111100011111001
1000011110011000010111110011111001
1110000000011000010001000011001110
0000011000011100010111111011100000
1000011111111110000101000011101001
1100011000000000000101100011101000
1111011000011111010001110011111111
1000011000011000000101110011001000
1100010000011111000100000011001000
1100011111111110000001100011001001
1100011000011000010101111000001000
1110011111111110000000000000001111
1100011110010000000111000011101100
1100011000011110010001100000001001
0000011110011100000001000010001101
1111111111111111110101000011111111
1000011000011110010001110000000000
1000011111111100000111000000000000
1000011000010000010111110011111001
1111111111111100000001110000001100
1000010000011111110101111100000001
1110011000011100010101100000001100
1111011000011100000000000011111110
1000000000000000000101110000001000
1000011111100000000001111111001111
1111111000011111000000000000001110
1000010000010000000100000011000000
0000011111111110011111111110001000
0000011000000000000001110011111110
1100011000011110000001100011001111
1111011111111110010111110011111101
1111011111111111100001111011001111
1000011110011100000101000011100000
1000010000011110000101000011111100
1000000000011000010001100011000000
1100011000011111100001110011001100
1111010000011100000001111011101110
1111011110011111110101111011001110
1000011111000000000101100011110000
1100011000000000000000000000000000
1100010000010000000100000011001000
1100000000011111010001111011001101
1100010000011111000001111110001000
1100011111011111100001100010001000
1100000000011111110001110010001110
1000000000010000000101000011100000
1100000000011110000001111111100000
1111011111111111100001100011001111
1000011110000000011111110011111001
1111111110000000010001111011101111
1111100000011110011101110011001110
1000011111111110010111110011111001
1100011111110000010111100011101001
1100011111111100000001100010001110
1100010000011111110001111011001110
1100011111011110000001111011101111
1100011111011110000111110011001000
1100010000000000010101110011101000
1110011110011100000001000011001001
0000010000010000000000000010000000
1100000000011111100101000011000000
1000011111011111110101110010001111
1100011111111111111111111011111001
0000011000010000000100000011110000
0000000000010000000101110011100000
1000011000000000011101110010001000
1000011000000000011111110011111000
1111111111011111111111111011101111
0000010000011111100101000011000000
1000000000010000010101111011100000
1100011111111110000001111110001101
0000010000011111110101111111111100
1000011000011100010101100011110000
0000011000011000000000000010000000
1000011000010000000111000011110000
1000000000010000000101000011111000
1000011110011100000101000010001000
1000011000000000000100000010000000
1100011000011110010001110011111101
1111011000011111110001111110001111
1100011111011111100111100011101111
1100010000011000000101100011111000
1000010000011000010111100011101110
1100011111111110000001111111001001
1000011110010000000110000011000000
1100011000011100000100000011101100
1100011111111110000001110011111101
1000011110000000000111000011111000
1100010000000000010101000011111100
0000011110011000011001110000000001
1100000000011100000000000011001000
1100011111111100010001110010001001
1100010000010000000001100000001101
1110011111010000000000000000001110
1100011111011111111101110011001101
1111000000011110000001100011001100
1100011111110000000001110000001111
1000011100000000010111111011101000
1100011000011100000001100011001111
0000010000010000000000000011001000
1111011111111110000001000011111101
1000011111111000011111111111111001
1110010000011111110001110011111000
1000011000011100010111110011101000
1000011111011111100111111111110000
1000011111011110000101000010000000
0000011111010000010111110011100001
1100011111111111110111110010000001
1000010000011000000001000011110000
1100011111011111110001111011101101
1000000000011000000000000011101000
1100011110010000010101000010001001
1000011000011111111111111111101000
1000010000011000000101000011100000
0000010000010000011101111011100000
1000011000010000000001100011100000
1111011111111110010111111111101101
1100011111111110010111111011001101
0000010000000000000000000010001000
1000011111110000010111110011001101
0000011111011111111111111011001000
1000010000011111100111110010001111
1000010000000000000000000000000000
1100000000011110000101100011101100
1000000000011110000101100011100000
1000011111011110000001000000001000
1000000000011000000001000011111100
0000011111000000000001111110001001
1111111111011111110001111010001110
1100011111011110000001100011101000
1000010000011100000000000000000000
1110011000011111100001111011111100
0000011111111111100001110011101111
1000000000011000000101100011100000
1100011000010000010101110010000000
1111011000011100000001100011111101
1100011000010000000001100011001001
0000011111111110011001111111111001
1000010000011100000101000011111000
0000010000011111011101110011001000
0000011000010000010101110011100001
0000011000011110000101100011001000
1000000000010000000100000011100000
1000011111011100000001100011100001
0000000000011000010111111011001000
1000011000000000000000000011111110
1000010000000000010101111011100000
1111111111110000010001110010001101
1000011111000000000001000011111110
1100000000011000010101100011000000
1111111111011111111111111011111111
1111011111011110010101000011101110
1111011000011100000100000011111110
1000000000010000000000000011101000
1111000000011100011101110011111100
1100000000011110010001000010001100
1111111000011111100000000011111100
0000011110000000000100000011100000
0000000000000000000101000011000000
0000010000010000010101111011101000
1111011000000000000001100000001101
1110011111111110011101111111101000
1000011111011111111001111011101000
0000011111011100010001110000000000
0000011000011000010001111010000000
1111011111011111100001100010001110
1100011000010000000001100000000000
0000011111011111110001000010001110
1000011000011111011111110011111001
1111011000011110000100000011101100
1111011110011110010101000000001100
1100011110011111110001100011101110
1100011111111100010111110011001101
0000011100011111110001110000001000
1100000000000000000101000011001000
0000000000011111110101111010000000
0000011111000000000001111111111101
0000011111011000011111111111000001
1000011111010000011111111011100000
0000011111111110010111111111111110
1100010000011100000001000011001000
1111011111111111000001000011101110
1000000000011000010101111011100000
1000000000011111110001110011001110
1100010000011000010001110000001100
1100011110011100000101100011111111
1100000000000000000000000000000000
1110011111111110000001000011001110
1100011000011000000001000011001000
1000000000011100000101100011101000
1111011111111100010111000000001111
1110011111111110010111100011111100
1000011000011111100101000011000000
1100000000011100010001111011001000
1110000000011000011001111011111111
1111010000010000000101110011111110
1100010000011110010001111010001100
1111100000011111100001110011001100
0000011111111111100101110011001101
1000011110010000000111100011110000
1000000000000000000101100011110000
1111011000011110000001000011101110
1111100000011100010001100011001111
0000011111010000000110000010000000
1111000000011000000000000000001110
1000000000010000000001000011100000
1100010000000000000101000000000000
1100011111111100000101100011001001
1111011111011111110111100011111111
1111011110011111100001111011001110
1111100000010000000001110000001110
1110011110011111100110000011101110
1000000000011100010101000000001000
1100011110011111010101110011001000
1110011000000000000000000000001000
1111011110011100000001110011111111
1100011110000000000001100000000000
1100000000010000000000000011100000
1000010000010000000100000011000000
1100011000011110000101000000000000
0000011000011000010111100011100000
0000011000011000000001000011111100
1000011000010000000101100011110000
0000011000011110000001111111110000
1000000000011000011101111011111000
1110000000000000000001100011101100
1000000000000000010101110011110000
1100011110000000000001110011000001
0000011000011111100001100000001110
0000000000010000000000000011111110
0000011110011111010111110011110000
1100011110011111111111110011111101
1111010000011110011111111011111111
1100011110011100000111110011101001
1111100000011111110001110011111111
1100000000011111100101111000001000
1000000000011110010101100011001000
1111011111111111110111110011101101
1100011111111110010111111111111111
1100011110011000000111110000001000
1000011111111111111101110011001110
1100011111111111110001100011111100
1000011000011100010001000010000000
1100000000011000010101100011101000
1110011000011111100001000010001110
1000000000010000000101100011100000
1000000000010000000101111011101000
1111011110011100010111000000001100
1000010000011100011001111010001000
1111011000011110000001000010001110
1111110000011000011001111100001110
1111100000011110000001100011001100
1110011110011110000001110000001111
0000011111111000010111111011101001
1000000000011000010101111011000000
1110010000010000000101000011101100
0000000000011111000001110011101000
1000010000000000000101000011110000
1000010000011100010001111011100000
1110010000010000010101100000001110
1100011111111100010101100011001100
0000011000011000010111110010001101
1100000000011100000001110011001100
1000011110011111100000000011000000
1100011000000000010101100011100000
1000010000010000000101110000000000
1000011111011111110111100011110000
1000011000000000011101110011001000
1110011000000000000100000011111100
1000011000011111000001111111110001
1111111111011000000001000010001100
1000011111111100011001110011101111
0000011111111111111001111011000001
1110011000010000010001000010001000
1111111000011110000001000010001110
1111010000011110000001111000001110
1111011110011110000111100011111111
1000010000000000000000000011100000
1111011111011000000001110000001111
1110010000011000000001000010001000
1100011111111111110111110011111111
0000000000000000000000000011001000
1111111000011111111001111111111111
1000011000011110011101111000000000
1100011110011111000001110011101111
1000000000000000000101100011111000
1110011100011100011111110011111100
0000011111111111100111100011110001
0000000000011110000001111100001110
1000000000000000000101000011100000
1000011111111110000001111000001101
1000011000000000000100000011101000
1000011000011111100001000011000000
1110010000000000000000000000001000
1000011110011110010001000000001000
1111011111011110010101110011111111
1100011111100000000001100010001101
1000011110010000010001110011100000
1000011111111110011111111011110001
1000010000010000000100000011101000
0000011111111111110111111011001000
1000011000010000000110000000000000
1100011000000000000111100011000000
1100011111100000000111110011101101
1111011111111111111111111011111101
1110011000011111010001110011111000
1111111111011110000111110011101111
1100011000011100000001000010001000
1110011000011111100001100000001000
1000000000010000000000000010000000
1111011000011111100001100011111111
0000011000000000000001110000000001
1000011000011111111111111010001000
1000010000011110000000000011111000
1110011111111111100001111011111110
0000010000011100010101111111000000
1000011000010000000001100000000000
1100000000011111111101111011001000
0000011110011000000001000010000000
0000011110011110000001110011000000
1100011110011111000001110000001110
1100010000011000000001000000000000
1111011000010000000001000011111101
0000010000011110011101110010000000
1000011000010000000001000011000000
1000011110011111100111000000000000
1111110000010000000001000000001100
1111111000011100000001100011101101
1100011000011110000001100000001110
1000010000011110000101100011110000
1111010000011110010101111011111101
1000010000011110000100000000001000
0000010000011111100101100011111000
1100011110011100000001110011000000
1110011111011111000001100000001111
1100000000000000000001100011101100
1100010000011100010111000011111000
1000011111111110010111111000001000
1000011111111110000110000011101101
0000011111100000010111111011100001
1111111111011111110101100011001111
0000011000010000000001000000000000
1000000000000000000101000010000000
1000011000010000000101110011101000
1100011100011110011101110011001000
1000011000000000000001000011101000
1000011000011100010101110000000000
1000011111100000010111111010001001
1000010000000000010100000000000000
1000011000011111011111111011111110
1111111110011111100001111000001110
1100000000011111110101110011111001
1111111111111111100001000000001110
1000011111111110011001111111110001
1111011111111111111111111000001111
1111011111011111011101111011111101
1110011000010000010001110010001101
1000011000011111011101110010000000
1100011111011111100001110010001111
1111111000011100010001000000001101
1110010000000000010111110011101110
1111011111111110010101100000001110
1110011111111000000111110011111110
1000010000000000000001000011100000
1111100000011111100101110011001110
1100011100011111110111111111110000
1111000000011111100001110011101110
1110011111111100000001100011001101
1111011111111111100001000010001111
0000010000010000000001110011001000
1100011000000000000001110000001001
1000010000000000000110000011100000
1000000000000000010100000011000000
0000011111111110010001111111001001
0000010000010000010101111111000000
1100011110011111000001110011101001
1100011111011111100000000011111110
1000011110011110000111110011101000
1100011110010000000000000011000000
1000011000000000000001100000001000
1000011111011110000110000011110000
1000011111011111111111111111001111
1111011000011111000001000011111100
1111111111111111100001111110001111
1000011000011100010101111011110000
1111011110011000011101111011101111
1000000000010000000000000000001000
1111011111011111100111100000001111
1100011111111110000101100011001101
0000010000000000000001000010000000
1100011110011111100111110011101000
1100011000011100000001111111111000
1000011000011110010111110011101000
1110011110011110010001000011101111
1000011111111111110001110011111111
1000011110000000000001111011001110
1100011000011110000101100000001000
1110000000011111010001111000001000
1111111000000000000000000011001001
1000011110000000000111110000000000
1111011111111110000001110000001111
1000010000010000010111111011110001
1100011111110000000111100011000000
1100011110011110010001100011101100
1111111110010000010001111011101101
0000011111000000000111000011000000
1100010000011110000001100000001100
1111011111100000010111110011111101
1100011111111110010111110011111101
1111110000011100000000000011101110
1000011000010000011111110011100000
1100010000011110010001110011001111
1100000000011111100001100011001100
1000011000011000010111111011000000
1000011111011000010101100011001111
1100011000011111110101111010001110
1000011000011111100001110011001110
1100011000011110011001111010001100
1000011000011110010111110011101000
0000011111011111100001110011100000
1000011111111111100000000011000000
1000010000000000000001100000000000
1100011110011110000101100011001101
1111011000011111100001100010000001
1000011111111111110101111111110001
1000011000000000010111100011100000
1000011000011110000000000011101110
1100010000010000010001110011001000
0000011110011111110101000011100000
1111000000011100000001100011101110
1000010000010000000111111011100000
1000010000011110000001111011001111
1111111000011111010111111111111111
1100010000000000000101100011001000
1000011000000000000101100010000000
1111011111011111100001110011111111
1111111111111111110101111011111100
1111110000011111110101100011101110
1000011111011111111001111111001001
1000000000011110011101111111111100
1100011111111100000111110011101101
1110011111110000000001000000001111
1100011111011100000001100011110001
1000011000011110010101111011001000
1100011000010000000001000010001000
0000011111111111111111111110001001
1111011111111110010001110011101111
1000011110011111110101110011111101
1111011111011111111001100011001100
0000011100011100000001110010001111
1000011000011110000001111000001000
1110011111111111100001110011001111
1000000000000000000001100011110000
1111011111111110010001111111101111
1111000000010000000000000000001100
1111110000011110011111110000001110
1000011000011100010001111011001000
1100011000011100000101000010001000
1000011110010000000001100011001111
1000010000011100010001100011000000
