111111101001111100011100000111100100
111111111111111111101000001110111001
111111111111001100001100001111111111
000000001101101111000111110111100000
100000000001101000001111110110000000
111000001001001100000111110110000000
111111000111111111001111000111111001
111100000111001111100111101100000000
111111101111101111001100000110110111
111000001111111000011111001111100111
111100001111110000000100000000100100
111000000001111111101110000110100000
111000001101101111011100001100110101
110000001001001111000111110000000110
111000001101110000010111100100000110
111100001101110000000111110110000000
111000001000001100000111100110100111
111000001111111100000111000110000000
111000000101101111100100000000000000
111000001001101111000111110100000000
111111111000001000001100001110100000
111110000001111111111111100110000000
111110001001001111101111000110100001
111110001101101100001111110111011111
111111001111101000001100001111111111
111000000101001000000111000110100000
111110000101001111100111110000000000
111111110001111100000100000111100000
110000001111111111000111110110000000
000000001110000000001100001110100111
111111110001111100000110000110011000
111111001111001100010111001110011111
111111111101111111100111000000000001
111110001111101100000111100100100110
110000001101101100000111111000000000
110000001111111100000111110000000000
110000001111000000001100001111100111
111100001111111111101100001100110101
111000001111101111100100001110110111
111111001101111110010100001110100000
111111110111111100001100000110111111
000000001001110000000111111110000110
111111110001111111100111100000011000
111110001101111000010111000110000000
111111000111101111101111100000000001
111110001100001100001111100111110111
111000001100000000000100000100000000
111000001111111110001100000111100111
111111110101111111111111000110010000
111000001101100000011110000110100000
100000000000000000000111100000010000
111111111111000000000100000000000110
110000001110001111101110000000010001
110000001001101000001111110000000000
111111001111101111000100001110010111
111000001111001111001000001111110111
111000001101111100000111100100110111
100000001110000000001111000000000111
111000001101001111101110000100110000
111000001001001000001100001110010000
111000000111101111100100001110100111
111000000101110000001111001110100000
111110001111001000001100001111111111
111000000101101111110111110000000000
111000001111000000000100000110110111
111111001111111111101100001111111111
111111001101110000001111000111100001
111000001101111100001111100110000110
111110001111111111101100001111100111
111000001101111100000100000111100001
111111110101111111000100000110000000
111111111111001111010111100000111111
111111001111001111000000001110111111
111111111110001111001111000100011101
110000001110000000001111110000010001
111111110101111111101110000110000000
111111001111001111001100001111110111
111000000101111111101100000110010000
111000001001101110001111110000100000
111110001111111111001100001110000111
110000001110001000001100001111100000
111000000111101111001100000000100000
000000001101111111101111110000000000
111111111101111111111100001110100111
111000001001001111100111110000000000
110000001101111100001111110000000000
111000001101101111001111000000000000
111000000111101100001111000000000000
111000000101101111001100000100000000
111111111111001111101110000000100000
111111000111110000001100000111111111
111111001101101100000100000110111110
110000000100000000000111110100100000
111111100101101111001111110000000000
111000001111001111000111101000010111
111110001110001100001100001110110111
111111000111111111001111000111111111
111000001001101000000111000110010000
111000001111001100001111110000000000
110000001111001111001111110000000000
000000001001000000001111110000000000
111100000111001111101111000000010000
111111110100001111011100000000010000
111000001101000000000100000110111111
111000001000001111100111000000000110
111110001111110000000111101000010111
111100001101001100001100000000110111
111111001111001111000100001111110111
000000001111001000000100000110100111
111111000111111111101100001110100111
111000001111001111011100001110110001
111000001001000000001111110000100100
110000000111101111111100001111100111
111111000101101111000000000110110111
100000001001101000000100000000100100
111110001101111000011111100000000000
000000000111100000000111110110000000
111111101111101111111100001110011111
111111111111101111001100000111110111
111000001111101111011100001000011111
111111100111111111101110000111111111
111000001100001100000100001110100000
111000001111111000000100001111100111
111111111001101111111111110110110001
110000000001101100001111110100100000
111000000111111111111100001111111111
111000001110001100000100001111110111
110000001001001000000111110000000000
111111000111001000000111100000000000
111000001101001111001100000000100110
111000001100001100000110001000010110
000000001001101000001111110000000000
111000001111111111001111111000000000
110000000101001000000111100000100000
111000000001101111001111100110100000
111111111111110000000100001111100111
111111001001001111101000000110110111
000000001111000000000100001110100111
111000001101001110011111100111100000
111110001001111000000111101000000000
111110001001111111101111000000100111
111000001001001000010111110000000000
111111111101001111100100001110100111
111110001100001100001110001100100110
111000001100001110000110000000000001
111100001111111111111100000110111111
100000001100001111000111110000000000
110000001001001111101111110000000000
111111000100001111100111000000010000
111000001001111111110111110110100110
110000000110001111001100000100100000
111111110101001111101111000110100110
111000001111111111101100001110110111
111111111111001111001000001111110001
111111111111101111101000000111111001
111000001111111111100111111110000111
111110001111001111101111110000011111
111111001111111111101111110110111111
111111111101001111100110000110010110
111000001000000000010111000000000110
111111111111001111101111101000011001
111000000100001000000111000110100000
111110000110001111001100000110100000
111000001101001111010111110000011000
111100001111101000000111101000000110
111000000001101111111111001000010000
000000001111001111101111001000000111
110000000000000000000100000000100000
111111111101111111000100001111110111
111000001111111100001100001000000110
111110000111111111000100001000100001
111111000111111111101111000110100000
111111111111111000001100000110111101
111100001111111111100000001110110111
111000001110001100010100000000011110
111000001111100000001000001111110101
110000001101101111100111100110010000
111000001101101111011111110000011000
111000001111001111101111100100100111
111000000111101111101100001110111111
110000001001111110001111110110011000
111110001001111111001100000111100110
111111000111111111101111100000000001
111111100001110000000111110000011000
110000001101001100010111110110100110
111111111001111111000100001000111101
111000001001111111101111110000010111
111111111101111111001100000110111111
111000001101000000000111100000000000
111000001111111111100100001111111111
111111000111101111110000000110111001
111111110101001000001100000110100000
111111111110001111101100001110111001
111111111001111100011100000000110000
110000000111101100001110001000100000
111000000001001110000111100110000000
111110001001111111101100000000000001
111000000110001111001111000000000000
111111110111111111100110001000000000
111100001101110000010111110000010110
111111110101111111100100000000000110
110000001110001000000111100000000110
110000001111111111101100001000111111
111110001111001111001100001111111111
111000001111111000001100001110100111
111000001001101111000111000000000000
111111000111111110000110001110100001
000000000101001000000111110000000000
000000001001001100000111111111100111
100000001101101000001111100110100000
111111110111111100010111101110111111
111000001110001100000111000000010001
111000001001000000001111100110100110
111000000000001000000111110000000000
111000000111101110001110001000100000
111111110111101111100100000110111000
111110001111101111001111110000000000
100000000100001111001111111000000000
111000000100001111001111100000000000
000000000100000000000111110000000000
111000001111001111100000001110111111
111111100110001111000111101110111001
000000000001001000000111110100000000
111000001110001000000100000000000000
111111110101111111100111110000010000
111000001110001000001000001000110001
111111111110001000001100001000010001
111000000101100000001111100000100000
111000000111111111101100001111100001
111000001101000000001100000110011001
111111110001001111001100001000010000
111000000101111000000111100000010000
111000001111001111101100001111111001
111000001111101111111000001110100111
111000001111001111001100000110000111
111000000001101111000111100000100000
110000001001001111100111100000000000
100000001000001100000110000000000000
100000000001001111100111100000000000
111000000111101111000111100000000000
111111001001101100000100000111111001
111111000101000000010000000000000000
111111111111001100000000000110100001
111110001110001100000111000000010111
111000001110001111101100001110110001
111000001111001000000111100110011111
111111001001001000011100000000000000
111100001110001000000100001110100100
111110001111111000000000000110110111
111111111111001111000000001000110110
111000000101001111101111000100000000
110000001111001111100111110110100000
110000000101001000000111110000100000
111111110110001100000100000000011000
111111110101110000001100000110100000
111111111001111110001100000000000000
111100001001001111000100000000000111
110000000101001110000100000000110000
111110000001101111111110000000011001
111111000001111100000111110110000000
110000001101001100000111100000000000
111111001111100000001100001111110001
110000001111101111100100001110100101
111110001101001000010100000111110101
000000001111111100000111110000000111
110000001101100000000100000000000000
111111001111111000001100001110010111
111111111111111100001100000111000100
111000001111111111100100001110111111
111111110110000000000100000110100000
111110001001101000000111100110011001
111111111001111100001111000100100110
111111110101111111101110000000110000
000000000101101000000110000000100000
111100001001111100001111100000010001
111110000111100000000100000100100000
111100001110001111100100001111110111
111000001101101111000111110000000000
111000000111001000001100001110110111
000000001001000000000111110000000000
111111001111111000000111100000010111
111110001111001111101100000111111101
111110000111111100011100001111111101
111000001001101000001111100000000110
111000001001001100000111100000100000
111111111101111000001100000110100111
111000000001101111100111100110000000
110000001111000000000100001111100101
111111101111110000001100001111011111
111111100111000000000100001000100001
100000001001000000000111110000000000
111110001111110000011000000110111101
111100000111111110000100001000100111
110000001000001111000100000110100111
111111111111110000010100000111111111
111100001111100000000100001110110111
111100000001101100001111110000110001
