0.0000000000000000e+00;1111110000000000000011001111111111001111111111100000111111111111100000000
1.0204081632653060e-02;1111111111100000000001101111111111110000000000000000111111111110000111101
0.0000000000000000e+00;1111000000000000000011001111111000001111111111100001110000000000000000000
5.7513792620168865e-03;1111111111000000000001111111111110001100000000000000110000000000001111101
6.9331145636964547e-04;1111111111111100000011101111111111110000000000000000111100000000000000000
0.0000000000000000e+00;1111100000000000000011101110000000001111111111111100111111111111100000000
0.0000000000000000e+00;1111111100000000000001001111111000001111100000000000111111111111100000000
0.0000000000000000e+00;1111111111111100000011001100000000001000000000000000111111110000000000000
0.0000000000000000e+00;1111000000000000000011111111111111001000000000000000111111000000001111101
0.0000000000000000e+00;1111111111000000000001001110000000001111111111100000111100000000000000000
0.0000000000000000e+00;1111000000000000000001101111111000001100000000000000111111110000000000000
3.8576826239635088e-03;1111111111111111100011001111111100000000000000000001110000000000001111101
0.0000000000000000e+00;1111100000000000000011001110000000001000000000000000111111110000000000000
0.0000000000000000e+00;1111111111100000000011111111111111001111100000000000111111100000001111101
0.0000000000000000e+00;1111111000000000000001101100000000001100000000000001111111100000000000000
1.0204081632653060e-02;1111111111111100000001001110000000001111111100000000111111111100000111100
1.0204081632653060e-02;1111000000000000000011111100000000000000000000000000111111111111000000001
0.0000000000000000e+00;1111111100000000000001001110000000000000000000000000111111111111000000000
8.8210696102595555e-03;1111111111111111110011110000000000001111110000000000111110000000000111101
1.0204081632653060e-02;1111000000000000000011001110000000001111111000000000111111111111000111101
0.0000000000000000e+00;1111111100000000000000000000000000001111000000000000111111110000000000000
0.0000000000000000e+00;1111111100000000000011001110000000000000000000000000111111110000000111100
0.0000000000000000e+00;1111111111100000000001001111100000000000000000000000111111111111000000000
3.7361842929264037e-03;1111111100000000000011001111111111111111111111100000111111111100001111101
0.0000000000000000e+00;1111110000000000000011101111111000001100000000000000111111100000000000000
0.0000000000000000e+00;1111000000000000000011101111111000001100000000000000111111111111110000000
1.0204081632653060e-02;1111111111111000000011111111100000001111111000000001110000000000001111100
0.0000000000000000e+00;1111111111110000000011001110000000001111111111100000111000000000000000000
0.0000000000000000e+00;1111111111111000000001001100000000001111111111111100111111000000000000000
0.0000000000000000e+00;1111111111100000000011001111110000000000000000000000111111110000000000000
1.0204081632653060e-02;1111111111111000000011101111111111101111111111111100111111000000000000001
0.0000000000000000e+00;1111111111111111000011101111111000000000000000000000110000000000000000000
0.0000000000000000e+00;1111111111111100000011111111110000001111000000000000111100000000000111101
4.6483959265852188e-03;1111110000000000000011111111111000000000000000000001111111000000000111101
0.0000000000000000e+00;1111111100000000000001001111111111110000000000000000111111111100000000000
0.0000000000000000e+00;1100000000000000000011001111110000001111110000000000111111111100000000000
0.0000000000000000e+00;1111111111111111111111111111111111001111111111110010000000000000001111101
0.0000000000000000e+00;1111110000000000000001001100000000001111110000000001111111110000000000000
9.1796839093745385e-03;1111111111000000000001001110000000000000000000000011111111111000000000000
1.0204081632653060e-02;1111111111000000000001111111111111111111000000000000111111000000001111100
0.0000000000000000e+00;1111111111111100000001001111111111111111100000000000111111000000000000000
1.0204081632653060e-02;1111111111111100000001101111111000001111111111110001110000000000001000101
0.0000000000000000e+00;1110000000000000000011001111111111111111111000000000111111111111100000000
4.3958570748100475e-03;1111111111110000000011101111111111001111111000000001111111111111100000000
1.4563944479506355e-03;1111111100000000000011111110000000000000000000000000111100000000001111111
1.0204081632653060e-02;1111111111111111110011101111111000001111111111111000111100000000001111110
1.0204081632653060e-02;1111000000000000000011111110000000001111000000000000111111111111100000010
0.0000000000000000e+00;1111111111100000000011001111111111001100000000000000111111111111100000010
1.0204081632653060e-02;1111000000000000000011101100000000001111111111111100111111111111110111110
4.7957118136171860e-03;1111110000000000000011111100000000001111111111100000111111111111100000011
0.0000000000000000e+00;1111111111100000000011111111111000001111100000000000111100000000001111111
1.0204081632653060e-02;1111111111000000000001111110000000001000000000000000110000000000001111111
0.0000000000000000e+00;1111111100000000000011001111111111001111000000000010111100000000000000000
0.0000000000000000e+00;1111110000000000000001001111111000001111100000000000111111111100000000000
1.0204081632653060e-02;1111111111110000000001111111111000000000000000000000111111100000001111100
0.0000000000000000e+00;1111111111100000000001001111111111110000000000000000111111111111100000000
0.0000000000000000e+00;1100000000000000000011111110000000001111111100000000111111111100001111101
1.0204081632653060e-02;1111111111111111100011101111111000001100000000000001111111100000000000011
1.0204081632653060e-02;1111111111111100000011111111111111111111111111111101111111000000000111000
1.0204081632653060e-02;1111111111110000000011111100000000001111111111111101110000000000001111101
4.4911986141773427e-03;1111111111100000000011000000000000001111110000000000111111111111100000000
5.8758759449541315e-03;1111111100000000000001101111111111110000000000000000111111111111110000010
0.0000000000000000e+00;1111111100000000000011111111111111001111000000000000111111110000000000000
3.6853656782461787e-03;1111111110000000000011111110000000001111111111100000111110000000001111101
0.0000000000000000e+00;1111111111100000000001001100000000001000000000000000111111110000000000000
0.0000000000000000e+00;1111000000000000000001001110000000001111111000000000111111000000000000000
0.0000000000000000e+00;1111111100000000000001111111111100001111111111110000111111110000000000000
2.6742629826241558e-03;1100000000000000000011001100000000001111000000000000111111111111110000000
0.0000000000000000e+00;1111111111110000000011111111111111111111110000000001000000000000001111101
9.1146761836001181e-03;1111111100000000000011111111111111111111111111111100111111111111100000000
0.0000000000000000e+00;1111111111111111100011001111111111001111111000000001111111110000001111101
0.0000000000000000e+00;1111111100000000000011001111111000001100000000000000111111000000000000000
1.0204081632653060e-02;1111111111110000000011111110000000000000000000000000111111111100000000001
0.0000000000000000e+00;1111111100000000000001111110000000001110000000000001111000000000000000000
1.5917580268882942e-04;1111111111111110000011111111111111001111111000000000111111000000001111101
9.5635779582611026e-03;1111111110000000000011101111111111110000000000000000111000000000000000000
1.0204081632653060e-02;1100000000000000000011111100000000001111111111111100111111000000000000001
0.0000000000000000e+00;1110000000000000000001111111111111000000000000000000111111111100000000000
0.0000000000000000e+00;1111111111110000000011001111111111000000000000000000111111100000001000000
1.0204081632653060e-02;1111111111100000000011111111111000001000000000000000111111111111100000001
0.0000000000000000e+00;1111111111111110000011101100000000001111111111100000111111111111000000000
0.0000000000000000e+00;1111111111111100000011001110000000001111100000000000111111111100000000000
1.0204081632653060e-02;1111111111111111111111111111111111111111000000000000111000000000000000001
0.0000000000000000e+00;1111111111110000000011001111111111110000000000000000111111111111000000000
0.0000000000000000e+00;1111111111111111000011111111111111111100000000000010111110000000001111101
0.0000000000000000e+00;1111111111111111111111111111111111000000000000000000100000000000001111101
0.0000000000000000e+00;1111111111111111111111111111111111111111111000000010110000000000001111101
1.7838718759708024e-03;1111111111111000000001001111111111001100000000000000111111110000001111100
1.0204081632653060e-02;1111111100000000000010001110000000001111111111110001111111111100000000001
1.0204081632653060e-02;1111111111111110000011111111111111001111000000000000110000000000001100100
0.0000000000000000e+00;1111111111100000000001001100000000000000000000000000111111111111000000000
2.0623061353336179e-03;1111100000000000000011111111111000001111111111110000111111100000000000000
0.0000000000000000e+00;1111111111110000000001001110000000001100000000000000111111111000000000000
0.0000000000000000e+00;1111111111000000000011111111111111111111111111111100000000000000001111101
0.0000000000000000e+00;1111100000000000000001101100000000000000000000000001111111111111110000000
1.0769204918953967e-03;1111111111111111100011111111111000001111111000000000111111100000001111101
0.0000000000000000e+00;1111111100000000000011001111111111101000000000000000111111100000000000000
0.0000000000000000e+00;1111100000000000000011101111111111110000000000000010111111111111000000000
1.0204081632653060e-02;1111111111111111000011111110000000000000000000000000111111100000000000000
0.0000000000000000e+00;1111110000000000000011001111110000001111111000000000111111110000000000000
5.2238374129466043e-03;1111111111111111111111111111111000001111111111000001111000000000001111101
1.0204081632653060e-02;1111111111100000000011111111111000000000000000000000110000000000000000010
7.6305750377963838e-03;1111110000000000000001111111111111111111111111111100111111000000000111111
4.3542181323323560e-03;1111110000000000000011111110000000001111111111111100111111111100001111111
1.0204081632653060e-02;1111111110000000000011111100000000000000000000000000111110000000000000011
2.8858562162400901e-03;1111111111111111100011001111111111001111111000000010111111100000000000010
0.0000000000000000e+00;1111111111000000000001111110000000001111110000000001110000000000000000000
0.0000000000000000e+00;1110000000000000000011001111111111111100000000000001111111111111100000000
0.0000000000000000e+00;1111111111100000000011111111111111000000000000000000111111000000000000000
0.0000000000000000e+00;1111100000000000000011001111111111111111100000000000110000000000000000000
2.6446596286736008e-03;1111111111111111110001001111111000000000000000000000111110000000000111100
0.0000000000000000e+00;1111111111111111100011111111111111111111110000000000000000000000001111101
1.0204081632653060e-02;1111111111000000000011111111111111001111111111100010111110000000001000000
6.9663125936603209e-04;1111000000000000000011001111111111001111111111110000111111111100000000000
0.0000000000000000e+00;1111111111100000000001101111111000001000000000000001111111000000000000000
1.0204081632653060e-02;1100000000000000000001110000000000001111110000000000111111111100001111101
1.0204081632653060e-02;1111000000000000000011111110000000001111111111100000111111111111100000001
1.0204081632653060e-02;1111111111111111110001111111111000001111111111111111111111000000001111101
7.6439045886884140e-03;1110000000000000000000001110000000000000000000000001111111111111110000000
1.0204081632653060e-02;1110000000000000000010001111111111000000000000000000111111111111110000001
1.0204081632653060e-02;1111111111000000000001101111111100001111110000000010111111111111100000001
0.0000000000000000e+00;1111111111110000000001101111110000001111111100000000111111100000000000000
0.0000000000000000e+00;1111111110000000000011111100000000001111100000000001111111100000000000010
1.0204081632653060e-02;1111111111111111100001001111111111111111111111111100110000000000001111111
0.0000000000000000e+00;1111111111111111100011001111111000001111100000000000111111111100000000000
0.0000000000000000e+00;1111111111111100000011001110000000001111110000000000110000000000000000000
0.0000000000000000e+00;1110000000000000000001001111111000000000000000000000111111111111110000000
9.4206940218750056e-03;1111111111000000000001111100000000000000000000000000111111111111110111000
0.0000000000000000e+00;1111111111111100000001001110000000001111100000000010111111100000000000000
1.0204081632653060e-02;1111111000000000000011101110000000001111000000000000111111111100001111100
7.6678251904171123e-03;1111000000000000000011101111111111101111111111110000111111000000000000000
0.0000000000000000e+00;1111111110000000000011111100000000001000000000000000111111111100001000001
1.0204081632653060e-02;1111111111111111000011111111111111111111111111111101111100000000001111101
0.0000000000000000e+00;1111111111111111000011111111111111111111100000000001111110000000001111101
7.2982801935900891e-03;1111111111111111110001111111111000001111111111110001111100000000001111100
1.0204081632653060e-02;1111111111100000000011101100000000001111111000000000111111111111110000001
0.0000000000000000e+00;1111111100000000000001001110000000001100000000000001111111111111110000000
0.0000000000000000e+00;1111100000000000000011001110000000000000000000000001111111111000000111000
1.0204081632653060e-02;1111111111111100000011111111111111000000000000000000111000000000001000001
0.0000000000000000e+00;1111111100000000000011111111111111111111110000000000111111000000001111101
7.2148774682891667e-03;1111111111110000000011111111111111111111111111111100100000000000001111001
0.0000000000000000e+00;1111111111100000000011111111111111001111111111111101111110000000001111101
3.8480484681406900e-03;1111111111000000000011111111111111111111111111110001111111111111001111101
9.7262250196078291e-03;1111111111111000000011111111111111001111100000000000111111111100000000000
1.0204081632653060e-02;1111111111111111000001001110000000001111111111100000111111111100000111101
1.0204081632653060e-02;1111100000000000000011111100000000001111111100000000111111000000000000000
0.0000000000000000e+00;1111111000000000000011001110000000000000000000000000111111111100000000000
0.0000000000000000e+00;1111111100000000000001001110000000001111110000000001111111111111110000000
0.0000000000000000e+00;1111111111100000000011001110000000000000000000000000111111111111000000000
0.0000000000000000e+00;1111111111111100000011111111111000001111111111111110111110000000001111101
0.0000000000000000e+00;1111100000000000000011001111111000000000000000000000111100000000000000000
3.8693697460784318e-03;1111111111000000000011000000000000000000000000000000110000000000000000000
0.0000000000000000e+00;1111110000000000000011001111111000001111111111000000111111111100000000000
0.0000000000000000e+00;1111111111111110000011111110000000001111111100000000111111100000000000000
0.0000000000000000e+00;1111110000000000000011001110000000001111111111110001111111111111000000000
0.0000000000000000e+00;1111111111111111000011111111111111111111111111111110111111111100001111101
0.0000000000000000e+00;1111000000000000000011111100000000000000000000000000111111111100001111101
0.0000000000000000e+00;1111111111100000000011111111111111000000000000000000111111000000000000000
0.0000000000000000e+00;1111111100000000000011111111111000001111111111100000110000000000001111101
0.0000000000000000e+00;1111111111111100000011001111111111110000000000000001111111000000000111000
1.0204081632653060e-02;1111111111111111110011111111111111001111111000000011111100000000001000001
0.0000000000000000e+00;1111111111100000000011111111110000001100000000000000110000000000001000001
0.0000000000000000e+00;1111111111000000000011001111111111111111111000000000111111111111100000000
0.0000000000000000e+00;1111111111100000000001001100000000000000000000000000111111111111000000000
0.0000000000000000e+00;1111111000000000000011001110000000000000000000000000111111111100000000000
0.0000000000000000e+00;1111111111110000000001001111111111000000000000000000111111100000000000000
0.0000000000000000e+00;1111111110000000000010001111111111001111111100000010111111111111110111101
0.0000000000000000e+00;1111111111100000000011111111111111001111100000000001111111100000001111101
0.0000000000000000e+00;1111111111000000000011001111111111001111100000000000111000000000000000000
8.7117852655207509e-03;1111111111111111100011111111111100001110000000000000110000000000000000000
0.0000000000000000e+00;1111111111111111100011101111111111000000000000000000111111111111000000000
0.0000000000000000e+00;0000000000000000000011001110000000001111100000000000111111111111000000000
0.0000000000000000e+00;1111110000000000000011101111111111000000000000000000111111111111110000000
0.0000000000000000e+00;1111111111111000000011001111111111001111111111111000111111111111000000000
3.6982842754332548e-03;1111111111100000000011101111111111000000000000000000111111111111100000000
0.0000000000000000e+00;1111111111110000000011111111111111001111111000000000111111000000001111101
0.0000000000000000e+00;1111111100000000000011111111111111001111111111100000111111000000001111101
0.0000000000000000e+00;1111111111111100000011111111111111001100000000000000110000000000000111101
2.7210669973954742e-03;1111111111111111110011001111111111001111111111100000111111111100000000000
0.0000000000000000e+00;1111000000000000000011101111111000000000000000000000111111111100000000000
3.7450567069751751e-03;1111111110000000000001111111111000001111100000000000000000000000000000000
0.0000000000000000e+00;1111111111110000000011111111111000001111000000000000111100000000001111101
0.0000000000000000e+00;1111111111100000000011001111111000001111000000000000111111111100000000000
0.0000000000000000e+00;1111111111110000000011111111111111001111111111111100111110000000001111101
1.0204081632653060e-02;1111111110000000000011111100000000001111100000000001111111100000001111110
0.0000000000000000e+00;1111111111111100000001001111111111111111111111111000111111000000000000000
1.0204081632653060e-02;1111111111111111100011101111111111111100000000000011000000000000000000001
0.0000000000000000e+00;1111111111111111100011001111111000001111110000000000110000000000000000000
1.0204081632653060e-02;1111110000000000000011111110000000001111100000000000111111100000001111101
1.0204081632653060e-02;1111111111100000000001111110000000001111111111111000110000000000001111100
1.6799620744550967e-04;1111111111111000000011111111111111111111111111100001111100000000001111101
1.7530145652390557e-03;1111111110000000000011111111111111111111111111100001111100000000000000000
0.0000000000000000e+00;1111111111100000000011001111111111111100000000000001111000000000000000000
0.0000000000000000e+00;1111111111000000000011001111111000001111100000000000111111111111000000000
1.2138839363434026e-03;1111111100000000000011101111111100000000000000000000110000000000000000000
0.0000000000000000e+00;1111110000000000000001001111110000000000000000000000111111111111110000000
8.8317614873892093e-03;1111111111111111111000001111111111110000000000000000111000000000000000000
1.0204081632653060e-02;1111111111100000000011111110000000001111111111110000111111000000000111100
0.0000000000000000e+00;1111111000000000000011001111111111111111111000000000111111000000000000000
9.7214046476579088e-04;1111111111111000000011111110000000001111110000000000111000000000001000001
8.5243870288800698e-03;1111111111111111100000001111111000001111111111111000110000000000000111100
7.6038761572748744e-03;1111111111000000000010001100000000001111110000000000111111111100000000000
0.0000000000000000e+00;1111111110000000000011101110000000001111100000000000111111111100000000000
0.0000000000000000e+00;1111111000000000000011101111111111110000000000000000111111111000000000000
0.0000000000000000e+00;1100000000000000000001000000000000001110000000000001111111111100000000000
0.0000000000000000e+00;1111111111111111000011001111111000000000000000000000110000000000000000000
1.0204081632653060e-02;1111111111100000000011111111111111111100000000000000111111100000001000000
4.3716715651606133e-03;1110000000000000000011001110000000001111111111111001111111111111110000000
1.0204081632653060e-02;1110000000000000000011001100000000001111110000000000111111100000000000001
0.0000000000000000e+00;0000000000000000000011001111111000000000000000000001111111111111110000000
1.0204081632653060e-02;1111111111111100000011111111110000001100000000000000111111100000000000001
7.7148036368898292e-03;1111111111000000000011111100000000001111111000000010110000000000000000001
8.8610657670590513e-03;1111111111100000000001101111111111001111111111100000111111100000001000011
1.0204081632653060e-02;1111111111111111000011101111111000001111111111100000111111000000001111010
0.0000000000000000e+00;1111111111111111000001101111111000001110000000000001111111111111000000010
9.3892325571085546e-03;1111111111000000000011111111111111111111000000000000110000000000001111111
1.0204081632653060e-02;1000000000000000000000001111111111111111100000000001111111111111100000010
6.8318722703393083e-03;1111100000000000000011111100000000001111111111100000111111111100000000011
1.5731880520326071e-03;1111111111111100000011101110000000001110000000000000111111100000000000000
0.0000000000000000e+00;1111111111111110000011001111111111000000000000000000111111111100000000010
0.0000000000000000e+00;0000000000000000000011001111111111000000000000000000111111111111100000000
1.0204081632653060e-02;1111111110000000000011111111111000001110000000000000110000000000000000001
2.1932263433855773e-03;1111111111100000000001111111111111111111111111110000111111111100001111101
0.0000000000000000e+00;1111111111000000000001101110000000000000000000000000111110000000000000000
1.0204081632653060e-02;1100000000000000000011101110000000001111111111110000111111111111110000000
2.9865967674623417e-03;1111111111111110000011001110000000001111110000000010111111100000000000010
1.0204081632653060e-02;1111111111100000000011111111111111101111111000000000111111111100000000001
0.0000000000000000e+00;1111111111111000000011101110000000000000000000000000111111100000000000000
0.0000000000000000e+00;1111000000000000000011110000000000000000000000000000111111000000001111101
0.0000000000000000e+00;1111110000000000000011001110000000001111111111110000111111111111100000000
0.0000000000000000e+00;1111000000000000000001111111111000000000000000000001111111111111110000000
1.0204081632653060e-02;1111000000000000000011111111111000001111111111111000111111111111000000000
0.0000000000000000e+00;1111110000000000000011101111111000001111111111100000111111111111000000000
0.0000000000000000e+00;1111000000000000000001001110000000001111111111000000111111000000000000000
1.0204081632653060e-02;1111110000000000000011111100000000001111110000000000111111110000000000000
0.0000000000000000e+00;1111111111111100000001001111111111001111111111111001111111100000000000000
1.0204081632653060e-02;1111100000000000000011001110000000000000000000000000111111111111001111100
0.0000000000000000e+00;1111110000000000000011111110000000001111111111111100111000000000001111101
1.0204081632653060e-02;1111111111111110000010001111111111001111111111110000111111000000000000001
0.0000000000000000e+00;1111111111000000000011111111111111111111111111111100110000000000001111101
0.0000000000000000e+00;1111111111000000000011111111111111110000000000000000110000000000001111101
0.0000000000000000e+00;1111111111111110000011001111111111101111111111111000111111111100000000000
0.0000000000000000e+00;1111111111111100000011111111111111110000000000000000111111110000001111101
1.5381098437712501e-03;1111111111111110000011001111111111111111111111110010111111110000001111101
0.0000000000000000e+00;1111111100000000000001001110000000001111111000000000111000000000000000000
0.0000000000000000e+00;1111111111000000000011111111111111111111111000000000110000000000001111101
0.0000000000000000e+00;1111111111111100000010001110000000000000000000000000111111100000000111000
1.0204081632653060e-02;1111111111111100000011101110000000001111100000000000111111111100001111011
3.8357498887155667e-03;1111111111000000000011111111000000001111111111000011111111111100001111101
1.5869316805820037e-03;1111111100000000000011111111111000001110000000000001111111000000001111101
0.0000000000000000e+00;1111111111100000000011111111111000001111111111111100111100000000001111101
9.3925017853041682e-03;1111111100000000000011111111111100001111111111111100111111000000000000001
0.0000000000000000e+00;1111111111000000000011111110000000001111111000000000111000000000000111101
1.0204081632653060e-02;1111111111111111110011111111110000001111111111110001111000000000001000000
4.8153848611899273e-03;1111111111111111111011001111111111001111111100000000111111111100000111000
3.0503881633384090e-03;1111111111111110000011111111111111101111110000000000110000000000001111101
0.0000000000000000e+00;1111111111111000000001101110000000001111111110000000111111000000000000000
0.0000000000000000e+00;1111111111111110000001001111111000001111111111111101111111111100000000000
0.0000000000000000e+00;1111000000000000000011101111111111110000000000000000111111111111100000000
0.0000000000000000e+00;1111111111100000000001101111111111110000000000000000111100000000000100000
0.0000000000000000e+00;1111111111111110000001001111000000001111111111111000111111111100000000000
3.6067480956535310e-03;1111111110000000000011001111111111001111111111000000111111111111001000000
0.0000000000000000e+00;1111111111111100000001001110000000001110000000000000111111100000000111000
0.0000000000000000e+00;1111111110000000000011111110000000001111100000000000111000000000001000001
1.0204081632653060e-02;1111111111111111110011111111111000000000000000000000111110000000000000001
8.3987871495298811e-03;1111111111000000000011101111111111000000000000000000111111110000001111101
3.4406461039498942e-03;1111111111111100000011001111111111111111111111110000111111111111110000000
7.2478193866951776e-03;1111111111110000000011111111111000001111111111110000110000000000001111101
7.2886907705753887e-03;1110000000000000000011000000000000001110000000000000111111111100000000000
7.4626145137160690e-03;1111111111111100000011111111111000001111100000000000000000000000001111101
4.3559858531052511e-03;1111111111000000000001101111111000000000000000000000111111110000000111100
0.0000000000000000e+00;1111111100000000000011111110000000001111000000000000111111100000000000000
2.0138407105724605e-03;1100000000000000000001001000000000000000000000000000111111111111000000000
0.0000000000000000e+00;1111111111111110000011111111111111000000000000000000111111000000001111101
0.0000000000000000e+00;1111111111111110000011101110000000001110000000000001111111000000000000000
0.0000000000000000e+00;1111111100000000000001001111111111110000000000000000111111111111110000000
1.0204081632653060e-02;1111111111111111110011101111111111111100000000000000110000000000000000000
0.0000000000000000e+00;1111111111100000000011101111111100000000000000000000111111111100000111101
4.2754908510327727e-03;1111111111110000000011111111111111110000000000000000111111000000001111101
1.0204081632653060e-02;1111111111111111100001111111111111111111111111111101111111000000001110100
0.0000000000000000e+00;1111111111111100000001001111111000001111110000000001111111111100000000000
0.0000000000000000e+00;1111111111111111110011101110000000001111110000000001111111000000000000000
4.2450203858177627e-03;1111111111100000000011111111111111111110000000000000111100000000000111101
0.0000000000000000e+00;1111111111100000000001101111111000001110000000000000111111111111001111000
1.0007177536873241e-02;1111111111111110000001001100000000001111111111111101111111111111000000000
1.0204081632653060e-02;1111111000000000000011111111111111001111111111111100111111111111100000000
0.0000000000000000e+00;1111111111100000000001101100000000000000000000000000111100000000000000000
1.8315833384325306e-03;1111111111111111110011111111111111000000000000000000111111100000000000000
0.0000000000000000e+00;1111111111111000000011001110000000000000000000000000111111000000000000000
1.4625179637226329e-04;1111111111000000000001000000000000001111111111111001000000000000000111000
0.0000000000000000e+00;1111000000000000000011001110000000000000000000000000111111111111110000000
1.0204081632653060e-02;1111111111000000000011101100000000001100000000000000111111100000000000010
0.0000000000000000e+00;1111111111000000000001001111111111001111110000000000111111000000000111000
8.7903199058616197e-03;1111111111111000000011111111111000000000000000000000111111111000000000000
