0.0000000000000000e+00;1111110000000000000011001111111111001111111111100000111111111111100000000
1.0204081632653060e-02;1111111111100000000001101111111111110000000000000000111111111110000111101
2.7769394730802434e-03;1111000000000000000011001111111000001111111111100001110000000000000000000
2.4887079658163372e-03;1111111111000000000001111111111110001100000000000000110000000000001111101
4.4858567098448980e-03;1111111111111100000011101111111111110000000000000000111100000000000000000
3.6457092691514221e-03;1111100000000000000011101110000000001111111111111100111111111111100000000
0.0000000000000000e+00;1111111100000000000001001111111000001111100000000000111111111111100000000
0.0000000000000000e+00;1111111111111100000011001100000000001000000000000000111111110000000000000
0.0000000000000000e+00;1111000000000000000011111111111111001000000000000000111111000000001111101
0.0000000000000000e+00;1111111111000000000001001110000000001111111111100000111100000000000000000
0.0000000000000000e+00;1111000000000000000001101111111000001100000000000000111111110000000000000
2.8802937061917404e-03;1111111111111111100011001111111100000000000000000001110000000000001111101
0.0000000000000000e+00;1111100000000000000011001110000000001000000000000000111111110000000000000
0.0000000000000000e+00;1111111111100000000011111111111111001111100000000000111111100000001111101
0.0000000000000000e+00;1111111000000000000001101100000000001100000000000001111111100000000000000
8.7961122835276979e-03;1111111111111100000001001110000000001111111100000000111111111100000111100
1.0204081632653060e-02;1111000000000000000011111100000000000000000000000000111111111111000000001
0.0000000000000000e+00;1111111100000000000001001110000000000000000000000000111111111111000000000
4.8526630035972285e-03;1111111111111111110011110000000000001111110000000000111110000000000111101
1.0204081632653060e-02;1111000000000000000011001110000000001111111000000000111111111111000111101
0.0000000000000000e+00;1111111100000000000000000000000000001111000000000000111111110000000000000
2.7203186621311678e-03;1111111100000000000011001110000000000000000000000000111111110000000111100
0.0000000000000000e+00;1111111111100000000001001111100000000000000000000000111111111111000000000
0.0000000000000000e+00;1111111100000000000011001111111111111111111111100000111111111100001111101
0.0000000000000000e+00;1111110000000000000011101111111000001100000000000000111111100000000000000
0.0000000000000000e+00;1111000000000000000011101111111000001100000000000000111111111111110000000
1.0204081632653060e-02;1111111111111000000011111111100000001111111000000001110000000000001111100
0.0000000000000000e+00;1111111111110000000011001110000000001111111111100000111000000000000000000
0.0000000000000000e+00;1111111111111000000001001100000000001111111111111100111111000000000000000
0.0000000000000000e+00;1111111111100000000011001111110000000000000000000000111111110000000000000
1.0204081632653060e-02;1111111111111000000011101111111111101111111111111100111111000000000000001
0.0000000000000000e+00;1111111111111111000011101111111000000000000000000000110000000000000000000
2.9505170258021995e-03;1111111111111100000011111111110000001111000000000000111100000000000111101
3.0255938362307219e-03;1111110000000000000011111111111000000000000000000001111111000000000111101
0.0000000000000000e+00;1111111100000000000001001111111111110000000000000000111111111100000000000
0.0000000000000000e+00;1100000000000000000011001111110000001111110000000000111111111100000000000
0.0000000000000000e+00;1111111111111111111111111111111111001111111111110010000000000000001111101
0.0000000000000000e+00;1111110000000000000001001100000000001111110000000001111111110000000000000
7.0245082828682658e-03;1111111111000000000001001110000000000000000000000011111111111000000000000
1.0204081632653060e-02;1111111111000000000001111111111111111111000000000000111111000000001111100
0.0000000000000000e+00;1111111111111100000001001111111111111111100000000000111111000000000000000
1.0204081632653060e-02;1111111111111100000001101111111000001111111111110001110000000000001000101
2.3727793295578474e-03;1110000000000000000011001111111111111111111000000000111111111111100000000
7.8670849011928078e-03;1111111111110000000011101111111111001111111000000001111111111111100000000
0.0000000000000000e+00;1111111100000000000011111110000000000000000000000000111100000000001111111
1.0204081632653060e-02;1111111111111111110011101111111000001111111111111000111100000000001111110
1.0204081632653060e-02;1111000000000000000011111110000000001111000000000000111111111111100000010
0.0000000000000000e+00;1111111111100000000011001111111111001100000000000000111111111111100000010
1.0204081632653060e-02;1111000000000000000011101100000000001111111111111100111111111111110111110
9.7302031163563202e-03;1111110000000000000011111100000000001111111111100000111111111111100000011
0.0000000000000000e+00;1111111111100000000011111111111000001111100000000000111100000000001111111
1.0204081632653060e-02;1111111111000000000001111110000000001000000000000000110000000000001111111
0.0000000000000000e+00;1111111100000000000011001111111111001111000000000010111100000000000000000
0.0000000000000000e+00;1111110000000000000001001111111000001111100000000000111111111100000000000
1.0204081632653060e-02;1111111111110000000001111111111000000000000000000000111111100000001111100
0.0000000000000000e+00;1111111111100000000001001111111111110000000000000000111111111111100000000
0.0000000000000000e+00;1100000000000000000011111110000000001111111100000000111111111100001111101
1.0204081632653060e-02;1111111111111111100011101111111000001100000000000001111111100000000000011
1.0204081632653060e-02;1111111111111100000011111111111111111111111111111101111111000000000111000
1.0204081632653060e-02;1111111111110000000011111100000000001111111111111101110000000000001111101
2.2675387235839960e-03;1111111111100000000011000000000000001111110000000000111111111111100000000
1.9010785697281193e-03;1111111100000000000001101111111111110000000000000000111111111111110000010
0.0000000000000000e+00;1111111100000000000011111111111111001111000000000000111111110000000000000
2.0239398215740620e-03;1111111110000000000011111110000000001111111111100000111110000000001111101
0.0000000000000000e+00;1111111111100000000001001100000000001000000000000000111111110000000000000
0.0000000000000000e+00;1111000000000000000001001110000000001111111000000000111111000000000000000
2.1712324410680644e-03;1111111100000000000001111111111100001111111111110000111111110000000000000
4.0190565749143176e-03;1100000000000000000011001100000000001111000000000000111111111111110000000
0.0000000000000000e+00;1111111111110000000011111111111111111111110000000001000000000000001111101
7.8313253455685426e-03;1111111100000000000011111111111111111111111111111100111111111111100000000
3.7023789540762018e-03;1111111111111111100011001111111111001111111000000001111111110000001111101
0.0000000000000000e+00;1111111100000000000011001111111000001100000000000000111111000000000000000
1.0204081632653060e-02;1111111111110000000011111110000000000000000000000000111111111100000000001
0.0000000000000000e+00;1111111100000000000001111110000000001110000000000001111000000000000000000
0.0000000000000000e+00;1111111111111110000011111111111111001111111000000000111111000000001111101
6.1359121292256184e-03;1111111110000000000011101111111111110000000000000000111000000000000000000
1.0204081632653060e-02;1100000000000000000011111100000000001111111111111100111111000000000000001
3.5126337849471284e-03;1110000000000000000001111111111111000000000000000000111111111100000000000
0.0000000000000000e+00;1111111111110000000011001111111111000000000000000000111111100000001000000
1.0204081632653060e-02;1111111111100000000011111111111000001000000000000000111111111111100000001
0.0000000000000000e+00;1111111111111110000011101100000000001111111111100000111111111111000000000
0.0000000000000000e+00;1111111111111100000011001110000000001111100000000000111111111100000000000
1.0204081632653060e-02;1111111111111111111111111111111111111111000000000000111000000000000000001
0.0000000000000000e+00;1111111111110000000011001111111111110000000000000000111111111111000000000
0.0000000000000000e+00;1111111111111111000011111111111111111100000000000010111110000000001111101
8.1811395448897883e-04;1111111111111111111111111111111111000000000000000000100000000000001111101
0.0000000000000000e+00;1111111111111111111111111111111111111111111000000010110000000000001111101
4.6968792426461386e-03;1111111111111000000001001111111111001100000000000000111111110000001111100
1.0204081632653060e-02;1111111100000000000010001110000000001111111111110001111111111100000000001
1.0204081632653060e-02;1111111111111110000011111111111111001111000000000000110000000000001100100
0.0000000000000000e+00;1111111111100000000001001100000000000000000000000000111111111111000000000
0.0000000000000000e+00;1111100000000000000011111111111000001111111111110000111111100000000000000
0.0000000000000000e+00;1111111111110000000001001110000000001100000000000000111111111000000000000
0.0000000000000000e+00;1111111111000000000011111111111111111111111111111100000000000000001111101
0.0000000000000000e+00;1111100000000000000001101100000000000000000000000001111111111111110000000
2.7746860438939351e-03;1111111111111111100011111111111000001111111000000000111111100000001111101
0.0000000000000000e+00;1111111100000000000011001111111111101000000000000000111111100000000000000
2.5618932899474063e-03;1111100000000000000011101111111111110000000000000010111111111111000000000
8.9515056272769702e-03;1111111111111111000011111110000000000000000000000000111111100000000000000
0.0000000000000000e+00;1111110000000000000011001111110000001111111000000000111111110000000000000
7.6086632751428259e-03;1111111111111111111111111111111000001111111111000001111000000000001111101
1.0204081632653060e-02;1111111111100000000011111111111000000000000000000000110000000000000000010
4.5468767201325725e-03;1111110000000000000001111111111111111111111111111100111111000000000111111
4.3691037115189566e-03;1111110000000000000011111110000000001111111111111100111111111100001111111
1.0204081632653060e-02;1111111110000000000011111100000000000000000000000000111110000000000000011
6.8296621575763975e-03;1111111111111111100011001111111111001111111000000010111111100000000000010
0.0000000000000000e+00;1111111111000000000001111110000000001111110000000001110000000000000000000
0.0000000000000000e+00;1110000000000000000011001111111111111100000000000001111111111111100000000
1.7375241565703342e-03;1111111111100000000011111111111111000000000000000000111111000000000000000
0.0000000000000000e+00;1111100000000000000011001111111111111111100000000000110000000000000000000
6.4663853570696983e-03;1111111111111111110001001111111000000000000000000000111110000000000111100
0.0000000000000000e+00;1111111111111111100011111111111111111111110000000000000000000000001111101
1.0204081632653060e-02;1111111111000000000011111111111111001111111111100010111110000000001000000
2.6025356995286225e-03;1111000000000000000011001111111111001111111111110000111111111100000000000
0.0000000000000000e+00;1111111111100000000001101111111000001000000000000001111111000000000000000
8.2890467591252015e-03;1100000000000000000001110000000000001111110000000000111111111100001111101
1.0204081632653060e-02;1111000000000000000011111110000000001111111111100000111111111111100000001
1.0204081632653060e-02;1111111111111111110001111111111000001111111111111111111111000000001111101
1.0204081632653060e-02;1110000000000000000000001110000000000000000000000001111111111111110000000
1.0204081632653060e-02;1110000000000000000010001111111111000000000000000000111111111111110000001
1.0046004299357116e-02;1111111111000000000001101111111100001111110000000010111111111111100000001
0.0000000000000000e+00;1111111111110000000001101111110000001111111100000000111111100000000000000
0.0000000000000000e+00;1111111110000000000011111100000000001111100000000001111111100000000000010
1.0204081632653060e-02;1111111111111111100001001111111111111111111111111100110000000000001111111
0.0000000000000000e+00;1111111111111111100011001111111000001111100000000000111111111100000000000
0.0000000000000000e+00;1111111111111100000011001110000000001111110000000000110000000000000000000
0.0000000000000000e+00;1110000000000000000001001111111000000000000000000000111111111111110000000
1.0167239925898044e-02;1111111111000000000001111100000000000000000000000000111111111111110111000
0.0000000000000000e+00;1111111111111100000001001110000000001111100000000010111111100000000000000
1.0204081632653060e-02;1111111000000000000011101110000000001111000000000000111111111100001111100
7.5681104394292203e-04;1111000000000000000011101111111111101111111111110000111111000000000000000
1.0478721390248277e-03;1111111110000000000011111100000000001000000000000000111111111100001000001
4.7318658903154759e-03;1111111111111111000011111111111111111111111111111101111100000000001111101
0.0000000000000000e+00;1111111111111111000011111111111111111111100000000001111110000000001111101
8.4104471165083530e-03;1111111111111111110001111111111000001111111111110001111100000000001111100
1.0204081632653060e-02;1111111111100000000011101100000000001111111000000000111111111111110000001
0.0000000000000000e+00;1111111100000000000001001110000000001100000000000001111111111111110000000
0.0000000000000000e+00;1111100000000000000011001110000000000000000000000001111111111000000111000
1.0204081632653060e-02;1111111111111100000011111111111111000000000000000000111000000000001000001
2.2618870173755092e-03;1111111100000000000011111111111111111111110000000000111111000000001111101
5.3609121157548864e-03;1111111111110000000011111111111111111111111111111100100000000000001111001
0.0000000000000000e+00;1111111111100000000011111111111111001111111111111101111110000000001111101
2.6139789911830413e-03;1111111111000000000011111111111111111111111111110001111111111111001111101
7.1557519631837343e-03;1111111111111000000011111111111111001111100000000000111111111100000000000
1.0204081632653060e-02;1111111111111111000001001110000000001111111111100000111111111100000111101
8.1730759432984672e-03;1111100000000000000011111100000000001111111100000000111111000000000000000
0.0000000000000000e+00;1111111000000000000011001110000000000000000000000000111111111100000000000
0.0000000000000000e+00;1111111100000000000001001110000000001111110000000001111111111111110000000
0.0000000000000000e+00;1111111111100000000011001110000000000000000000000000111111111111000000000
0.0000000000000000e+00;1111111111111100000011111111111000001111111111111110111110000000001111101
0.0000000000000000e+00;1111100000000000000011001111111000000000000000000000111100000000000000000
2.5579894412285174e-03;1111111111000000000011000000000000000000000000000000110000000000000000000
0.0000000000000000e+00;1111110000000000000011001111111000001111111111000000111111111100000000000
1.8594120868794194e-03;1111111111111110000011111110000000001111111100000000111111100000000000000
0.0000000000000000e+00;1111110000000000000011001110000000001111111111110001111111111111000000000
5.6642495173281019e-03;1111111111111111000011111111111111111111111111111110111111111100001111101
2.2872383846223696e-03;1111000000000000000011111100000000000000000000000000111111111100001111101
0.0000000000000000e+00;1111111111100000000011111111111111000000000000000000111111000000000000000
0.0000000000000000e+00;1111111100000000000011111111111000001111111111100000110000000000001111101
2.2487109150526267e-03;1111111111111100000011001111111111110000000000000001111111000000000111000
1.0204081632653060e-02;1111111111111111110011111111111111001111111000000011111100000000001000001
5.8323349122221737e-04;1111111111100000000011111111110000001100000000000000110000000000001000001
0.0000000000000000e+00;1111111111000000000011001111111111111111111000000000111111111111100000000
0.0000000000000000e+00;1111111111100000000001001100000000000000000000000000111111111111000000000
0.0000000000000000e+00;1111111000000000000011001110000000000000000000000000111111111100000000000
0.0000000000000000e+00;1111111111110000000001001111111111000000000000000000111111100000000000000
6.3036775609445136e-03;1111111110000000000010001111111111001111111100000010111111111111110111101
4.2458560211235466e-05;1111111111100000000011111111111111001111100000000001111111100000001111101
0.0000000000000000e+00;1111111111000000000011001111111111001111100000000000111000000000000000000
5.5637517657190659e-03;1111111111111111100011111111111100001110000000000000110000000000000000000
7.8488730505642864e-04;1111111111111111100011101111111111000000000000000000111111111111000000000
0.0000000000000000e+00;0000000000000000000011001110000000001111100000000000111111111111000000000
0.0000000000000000e+00;1111110000000000000011101111111111000000000000000000111111111111110000000
0.0000000000000000e+00;1111111111111000000011001111111111001111111111111000111111111111000000000
2.1988551599333070e-03;1111111111100000000011101111111111000000000000000000111111111111100000000
0.0000000000000000e+00;1111111111110000000011111111111111001111111000000000111111000000001111101
0.0000000000000000e+00;1111111100000000000011111111111111001111111111100000111111000000001111101
0.0000000000000000e+00;1111111111111100000011111111111111001100000000000000110000000000000111101
0.0000000000000000e+00;1111111111111111110011001111111111001111111111100000111111111100000000000
0.0000000000000000e+00;1111000000000000000011101111111000000000000000000000111111111100000000000
3.1654516083994238e-03;1111111110000000000001111111111000001111100000000000000000000000000000000
0.0000000000000000e+00;1111111111110000000011111111111000001111000000000000111100000000001111101
0.0000000000000000e+00;1111111111100000000011001111111000001111000000000000111111111100000000000
0.0000000000000000e+00;1111111111110000000011111111111111001111111111111100111110000000001111101
1.0204081632653060e-02;1111111110000000000011111100000000001111100000000001111111100000001111110
0.0000000000000000e+00;1111111111111100000001001111111111111111111111111000111111000000000000000
1.0204081632653060e-02;1111111111111111100011101111111111111100000000000011000000000000000000001
6.0905011749566931e-04;1111111111111111100011001111111000001111110000000000110000000000000000000
1.0204081632653060e-02;1111110000000000000011111110000000001111100000000000111111100000001111101
1.0204081632653060e-02;1111111111100000000001111110000000001111111111111000110000000000001111100
2.9429321928342717e-03;1111111111111000000011111111111111111111111111100001111100000000001111101
4.0436707632725217e-03;1111111110000000000011111111111111111111111111100001111100000000000000000
0.0000000000000000e+00;1111111111100000000011001111111111111100000000000001111000000000000000000
0.0000000000000000e+00;1111111111000000000011001111111000001111100000000000111111111111000000000
3.5218558645530350e-03;1111111100000000000011101111111100000000000000000000110000000000000000000
0.0000000000000000e+00;1111110000000000000001001111110000000000000000000000111111111111110000000
1.9575282864913463e-03;1111111111111111111000001111111111110000000000000000111000000000000000000
1.0204081632653060e-02;1111111111100000000011111110000000001111111111110000111111000000000111100
0.0000000000000000e+00;1111111000000000000011001111111111111111111000000000111111000000000000000
4.4738915979829590e-03;1111111111111000000011111110000000001111110000000000111000000000001000001
1.0204081632653060e-02;1111111111111111100000001111111000001111111111111000110000000000000111100
8.2833950529166978e-03;1111111111000000000010001100000000001111110000000000111111111100000000000
2.3099972837952315e-03;1111111110000000000011101110000000001111100000000000111111111100000000000
0.0000000000000000e+00;1111111000000000000011101111111111110000000000000000111111111000000000000
0.0000000000000000e+00;1100000000000000000001000000000000001110000000000001111111111100000000000
0.0000000000000000e+00;1111111111111111000011001111111000000000000000000000110000000000000000000
8.2887521052428352e-03;1111111111100000000011111111111111111100000000000000111111100000001000000
1.2757632114491439e-04;1110000000000000000011001110000000001111111111111001111111111111110000000
1.0204081632653060e-02;1110000000000000000011001100000000001111110000000000111111100000000000001
0.0000000000000000e+00;0000000000000000000011001111111000000000000000000001111111111111110000000
1.0204081632653060e-02;1111111111111100000011111111110000001100000000000000111111100000000000001
6.6656572815409531e-03;1111111111000000000011111100000000001111111000000010110000000000000000001
1.0204081632653060e-02;1111111111100000000001101111111111001111111111100000111111100000001000011
7.7296410033462258e-03;1111111111111111000011101111111000001111111111100000111111000000001111010
1.2916151852834169e-03;1111111111111111000001101111111000001110000000000001111111111111000000010
7.9268354855202144e-03;1111111111000000000011111111111111111111000000000000110000000000001111111
1.0204081632653060e-02;1000000000000000000000001111111111111111100000000001111111111111100000010
1.9745020201955496e-03;1111100000000000000011111100000000001111111111100000111111111100000000011
4.3584863749275603e-03;1111111111111100000011101110000000001110000000000000111111100000000000000
0.0000000000000000e+00;1111111111111110000011001111111111000000000000000000111111111100000000010
0.0000000000000000e+00;0000000000000000000011001111111111000000000000000000111111111111100000000
1.0204081632653060e-02;1111111110000000000011111111111000001110000000000000110000000000000000001
6.8435937545785145e-03;1111111111100000000001111111111111111111111111110000111111111100001111101
0.0000000000000000e+00;1111111111000000000001101110000000000000000000000000111110000000000000000
7.3711538893459997e-03;1100000000000000000011101110000000001111111111110000111111111111110000000
9.1469014759065141e-04;1111111111111110000011001110000000001111110000000010111111100000000000010
1.0204081632653060e-02;1111111111100000000011111111111111101111111000000000111111111100000000001
0.0000000000000000e+00;1111111111111000000011101110000000000000000000000000111111100000000000000
0.0000000000000000e+00;1111000000000000000011110000000000000000000000000000111111000000001111101
0.0000000000000000e+00;1111110000000000000011001110000000001111111111110000111111111111100000000
0.0000000000000000e+00;1111000000000000000001111111111000000000000000000001111111111111110000000
1.0204081632653060e-02;1111000000000000000011111111111000001111111111111000111111111111000000000
0.0000000000000000e+00;1111110000000000000011101111111000001111111111100000111111111111000000000
0.0000000000000000e+00;1111000000000000000001001110000000001111111111000000111111000000000000000
1.0204081632653060e-02;1111110000000000000011111100000000001111110000000000111111110000000000000
0.0000000000000000e+00;1111111111111100000001001111111111001111111111111001111111100000000000000
1.0204081632653060e-02;1111100000000000000011001110000000000000000000000000111111111111001111100
0.0000000000000000e+00;1111110000000000000011111110000000001111111111111100111000000000001111101
1.0204081632653060e-02;1111111111111110000010001111111111001111111111110000111111000000000000001
0.0000000000000000e+00;1111111111000000000011111111111111111111111111111100110000000000001111101
0.0000000000000000e+00;1111111111000000000011111111111111110000000000000000110000000000001111101
2.5352719715350221e-03;1111111111111110000011001111111111101111111111111000111111111100000000000
0.0000000000000000e+00;1111111111111100000011111111111111110000000000000000111111110000001111101
2.2694856374347538e-03;1111111111111110000011001111111111111111111111110010111111110000001111101
0.0000000000000000e+00;1111111100000000000001001110000000001111111000000000111000000000000000000
0.0000000000000000e+00;1111111111000000000011111111111111111111111000000000110000000000001111101
0.0000000000000000e+00;1111111111111100000010001110000000000000000000000000111111100000000111000
1.0204081632653060e-02;1111111111111100000011101110000000001111100000000000111111111100001111011
3.2749623621372713e-03;1111111111000000000011111111000000001111111111000011111111111100001111101
1.9032287124639312e-03;1111111100000000000011111111111000001110000000000001111111000000001111101
0.0000000000000000e+00;1111111111100000000011111111111000001111111111111100111100000000001111101
1.0111837969978079e-02;1111111100000000000011111111111100001111111111111100111111000000000000001
0.0000000000000000e+00;1111111111000000000011111110000000001111111000000000111000000000000111101
1.0204081632653060e-02;1111111111111111110011111111110000001111111111110001111000000000001000000
3.2095507376280496e-03;1111111111111111111011001111111111001111111100000000111111111100000111000
2.7586103581922327e-03;1111111111111110000011111111111111101111110000000000110000000000001111101
0.0000000000000000e+00;1111111111111000000001101110000000001111111110000000111111000000000000000
0.0000000000000000e+00;1111111111111110000001001111111000001111111111111101111111111100000000000
0.0000000000000000e+00;1111000000000000000011101111111111110000000000000000111111111111100000000
0.0000000000000000e+00;1111111111100000000001101111111111110000000000000000111100000000000100000
0.0000000000000000e+00;1111111111111110000001001111000000001111111111111000111111111100000000000
5.3275972756988803e-03;1111111110000000000011001111111111001111111111000000111111111111001000000
0.0000000000000000e+00;1111111111111100000001001110000000001110000000000000111111100000000111000
0.0000000000000000e+00;1111111110000000000011111110000000001111100000000000111000000000001000001
1.0204081632653060e-02;1111111111111111110011111111111000000000000000000000111110000000000000001
9.3332259484057139e-03;1111111111000000000011101111111111000000000000000000111111110000001111101
0.0000000000000000e+00;1111111111111100000011001111111111111111111111110000111111111111110000000
6.6718475296957654e-03;1111111111110000000011111111111000001111111111110000110000000000001111101
4.2699901842108701e-03;1110000000000000000011000000000000001110000000000000111111111100000000000
2.8642766156784802e-03;1111111111111100000011111111111000001111100000000000000000000000001111101
0.0000000000000000e+00;1111111111000000000001101111111000000000000000000000111111110000000111100
1.4564103701404493e-03;1111111100000000000011111110000000001111000000000000111111100000000000000
4.7479626168349387e-03;1100000000000000000001001000000000000000000000000000111111111111000000000
0.0000000000000000e+00;1111111111111110000011111111111111000000000000000000111111000000001111101
0.0000000000000000e+00;1111111111111110000011101110000000001110000000000001111111000000000000000
0.0000000000000000e+00;1111111100000000000001001111111111110000000000000000111111111111110000000
5.7308232442058052e-03;1111111111111111110011101111111111111100000000000000110000000000000000000
2.6071657169623838e-03;1111111111100000000011101111111100000000000000000000111111111100000111101
2.7427930563178743e-03;1111111111110000000011111111111111110000000000000000111111000000001111101
1.0204081632653060e-02;1111111111111111100001111111111111111111111111111101111111000000001110100
0.0000000000000000e+00;1111111111111100000001001111111000001111110000000001111111111100000000000
0.0000000000000000e+00;1111111111111111110011101110000000001111110000000001111111000000000000000
0.0000000000000000e+00;1111111111100000000011111111111111111110000000000000111100000000000111101
0.0000000000000000e+00;1111111111100000000001101111111000001110000000000000111111111111001111000
3.6145175373605148e-03;1111111111111110000001001100000000001111111111111101111111111111000000000
1.0204081632653060e-02;1111111000000000000011111111111111001111111111111100111111111111100000000
0.0000000000000000e+00;1111111111100000000001101100000000000000000000000000111100000000000000000
4.4732583884472535e-03;1111111111111111110011111111111111000000000000000000111111100000000000000
0.0000000000000000e+00;1111111111111000000011001110000000000000000000000000111111000000000000000
4.7479626168334399e-03;1111111111000000000001000000000000001111111111111001000000000000000111000
0.0000000000000000e+00;1111000000000000000011001110000000000000000000000000111111111111110000000
7.9188563962459338e-03;1111111111000000000011101100000000001100000000000000111111100000000000010
0.0000000000000000e+00;1111111111000000000001001111111111001111110000000000111111000000000111000
9.1500280822221693e-03;1111111111111000000011111111111000000000000000000000111111111000000000000
