1.2090122529865486e-03;1111110000000000000011001111111111001111111111100000111111111111100000000
1.0204081632653060e-02;1111111111100000000001101111111111110000000000000000111111111110000111101
0.0000000000000000e+00;1111000000000000000011001111111000001111111111100001110000000000000000000
2.5984091037030495e-03;1111111111000000000001111111111110001100000000000000110000000000001111101
1.4654271811616257e-03;1111111111111100000011101111111111110000000000000000111100000000000000000
0.0000000000000000e+00;1111100000000000000011101110000000001111111111111100111111111111100000000
0.0000000000000000e+00;1111111100000000000001001111111000001111100000000000111111111111100000000
0.0000000000000000e+00;1111111111111100000011001100000000001000000000000000111111110000000000000
0.0000000000000000e+00;1111000000000000000011111111111111001000000000000000111111000000001111101
0.0000000000000000e+00;1111111111000000000001001110000000001111111111100000111100000000000000000
0.0000000000000000e+00;1111000000000000000001101111111000001100000000000000111111110000000000000
4.3187939355668415e-03;1111111111111111100011001111111100000000000000000001110000000000001111101
0.0000000000000000e+00;1111100000000000000011001110000000001000000000000000111111110000000000000
0.0000000000000000e+00;1111111111100000000011111111111111001111100000000000111111100000001111101
0.0000000000000000e+00;1111111000000000000001101100000000001100000000000001111111100000000000000
7.4579890873332274e-03;1111111111111100000001001110000000001111111100000000111111111100000111100
1.0204081632653060e-02;1111000000000000000011111100000000000000000000000000111111111111000000001
0.0000000000000000e+00;1111111100000000000001001110000000000000000000000000111111111111000000000
5.0190983644347303e-03;1111111111111111110011110000000000001111110000000000111110000000000111101
1.0204081632653060e-02;1111000000000000000011001110000000001111111000000000111111111111000111101
0.0000000000000000e+00;1111111100000000000000000000000000001111000000000000111111110000000000000
1.9416263748733900e-03;1111111100000000000011001110000000000000000000000000111111110000000111100
0.0000000000000000e+00;1111111111100000000001001111100000000000000000000000111111111111000000000
0.0000000000000000e+00;1111111100000000000011001111111111111111111111100000111111111100001111101
0.0000000000000000e+00;1111110000000000000011101111111000001100000000000000111111100000000000000
0.0000000000000000e+00;1111000000000000000011101111111000001100000000000000111111111111110000000
1.0204081632653060e-02;1111111111111000000011111111100000001111111000000001110000000000001111100
0.0000000000000000e+00;1111111111110000000011001110000000001111111111100000111000000000000000000
1.5208464236877925e-03;1111111111111000000001001100000000001111111111111100111111000000000000000
0.0000000000000000e+00;1111111111100000000011001111110000000000000000000000111111110000000000000
1.0204081632653060e-02;1111111111111000000011101111111111101111111111111100111111000000000000001
0.0000000000000000e+00;1111111111111111000011101111111000000000000000000000110000000000000000000
0.0000000000000000e+00;1111111111111100000011111111110000001111000000000000111100000000000111101
6.3695622455341560e-03;1111110000000000000011111111111000000000000000000001111111000000000111101
0.0000000000000000e+00;1111111100000000000001001111111111110000000000000000111111111100000000000
6.4300012933389105e-04;1100000000000000000011001111110000001111110000000000111111111100000000000
0.0000000000000000e+00;1111111111111111111111111111111111001111111111110010000000000000001111101
0.0000000000000000e+00;1111110000000000000001001100000000001111110000000001111111110000000000000
9.0203012438235426e-03;1111111111000000000001001110000000000000000000000011111111111000000000000
1.0204081632653060e-02;1111111111000000000001111111111111111111000000000000111111000000001111100
0.0000000000000000e+00;1111111111111100000001001111111111111111100000000000111111000000000000000
1.0204081632653060e-02;1111111111111100000001101111111000001111111111110001110000000000001000101
1.9558212214105353e-03;1110000000000000000011001111111111111111111000000000111111111111100000000
5.2269312101125868e-03;1111111111110000000011101111111111001111111000000001111111111111100000000
3.4550012028379973e-04;1111111100000000000011111110000000000000000000000000111100000000001111111
1.0204081632653060e-02;1111111111111111110011101111111000001111111111111000111100000000001111110
1.0204081632653060e-02;1111000000000000000011111110000000001111000000000000111111111111100000010
0.0000000000000000e+00;1111111111100000000011001111111111001100000000000000111111111111100000010
1.0204081632653060e-02;1111000000000000000011101100000000001111111111111100111111111111110111110
6.7666752515563710e-03;1111110000000000000011111100000000001111111111100000111111111111100000011
0.0000000000000000e+00;1111111111100000000011111111111000001111100000000000111100000000001111111
1.0204081632653060e-02;1111111111000000000001111110000000001000000000000000110000000000001111111
8.1861766799151627e-04;1111111100000000000011001111111111001111000000000010111100000000000000000
0.0000000000000000e+00;1111110000000000000001001111111000001111100000000000111111111100000000000
1.0204081632653060e-02;1111111111110000000001111111111000000000000000000000111111100000001111100
0.0000000000000000e+00;1111111111100000000001001111111111110000000000000000111111111111100000000
0.0000000000000000e+00;1100000000000000000011111110000000001111111100000000111111111100001111101
1.0204081632653060e-02;1111111111111111100011101111111000001100000000000001111111100000000000011
1.0204081632653060e-02;1111111111111100000011111111111111111111111111111101111111000000000111000
1.0204081632653060e-02;1111111111110000000011111100000000001111111111111101110000000000001111101
1.6177142750980428e-03;1111111111100000000011000000000000001111110000000000111111111111100000000
4.3749481618797059e-03;1111111100000000000001101111111111110000000000000000111111111111110000010
0.0000000000000000e+00;1111111100000000000011111111111111001111000000000000111111110000000000000
2.9474381523633868e-03;1111111110000000000011111110000000001111111111100000111110000000001111101
0.0000000000000000e+00;1111111111100000000001001100000000001000000000000000111111110000000000000
0.0000000000000000e+00;1111000000000000000001001110000000001111111000000000111111000000000000000
1.1724680454412615e-04;1111111100000000000001111111111100001111111111110000111111110000000000000
9.7471414576415173e-04;1100000000000000000011001100000000001111000000000000111111111111110000000
0.0000000000000000e+00;1111111111110000000011111111111111111111110000000001000000000000001111101
6.6187895517325910e-03;1111111100000000000011111111111111111111111111111100111111111111100000000
2.9793384272105775e-03;1111111111111111100011001111111111001111111000000001111111110000001111101
0.0000000000000000e+00;1111111100000000000011001111111000001100000000000000111111000000000000000
1.0204081632653060e-02;1111111111110000000011111110000000000000000000000000111111111100000000001
0.0000000000000000e+00;1111111100000000000001111110000000001110000000000001111000000000000000000
1.2110638953447820e-04;1111111111111110000011111111111111001111111000000000111111000000001111101
4.1867102330601751e-03;1111111110000000000011101111111111110000000000000000111000000000000000000
1.0204081632653060e-02;1100000000000000000011111100000000001111111111111100111111000000000000001
3.1376635396861601e-03;1110000000000000000001111111111111000000000000000000111111111100000000000
0.0000000000000000e+00;1111111111110000000011001111111111000000000000000000111111100000001000000
1.0204081632653060e-02;1111111111100000000011111111111000001000000000000000111111111111100000001
0.0000000000000000e+00;1111111111111110000011101100000000001111111111100000111111111111000000000
0.0000000000000000e+00;1111111111111100000011001110000000001111100000000000111111111100000000000
9.8619406855700916e-03;1111111111111111111111111111111111111111000000000000111000000000000000001
0.0000000000000000e+00;1111111111110000000011001111111111110000000000000000111111111111000000000
0.0000000000000000e+00;1111111111111111000011111111111111111100000000000010111110000000001111101
1.3793664097424023e-03;1111111111111111111111111111111111000000000000000000100000000000001111101
0.0000000000000000e+00;1111111111111111111111111111111111111111111000000010110000000000001111101
4.4432591526742983e-03;1111111111111000000001001111111111001100000000000000111111110000001111100
1.0204081632653060e-02;1111111100000000000010001110000000001111111111110001111111111100000000001
1.0204081632653060e-02;1111111111111110000011111111111111001111000000000000110000000000001100100
0.0000000000000000e+00;1111111111100000000001001100000000000000000000000000111111111111000000000
0.0000000000000000e+00;1111100000000000000011111111111000001111111111110000111111100000000000000
0.0000000000000000e+00;1111111111110000000001001110000000001100000000000000111111111000000000000
0.0000000000000000e+00;1111111111000000000011111111111111111111111111111100000000000000001111101
0.0000000000000000e+00;1111100000000000000001101100000000000000000000000001111111111111110000000
3.9722533785838078e-03;1111111111111111100011111111111000001111111000000000111111100000001111101
0.0000000000000000e+00;1111111100000000000011001111111111101000000000000000111111100000000000000
1.5318976612416864e-03;1111100000000000000011101111111111110000000000000010111111111111000000000
6.9515918057943896e-03;1111111111111111000011111110000000000000000000000000111111100000000000000
0.0000000000000000e+00;1111110000000000000011001111110000001111111000000000111111110000000000000
7.6901617586387317e-03;1111111111111111111111111111111000001111111111000001111000000000001111101
1.0204081632653060e-02;1111111111100000000011111111111000000000000000000000110000000000000000010
6.7143925557799303e-04;1111110000000000000001111111111111111111111111111100111111000000000111111
3.4847845151565601e-03;1111110000000000000011111110000000001111111111111100111111111100001111111
1.0204081632653060e-02;1111111110000000000011111100000000000000000000000000111110000000000000011
4.7628627611728119e-03;1111111111111111100011001111111111001111111000000010111111100000000000010
0.0000000000000000e+00;1111111111000000000001111110000000001111110000000001110000000000000000000
0.0000000000000000e+00;1110000000000000000011001111111111111100000000000001111111111111100000000
0.0000000000000000e+00;1111111111100000000011111111111111000000000000000000111111000000000000000
0.0000000000000000e+00;1111100000000000000011001111111111111111100000000000110000000000000000000
3.8602835559334581e-03;1111111111111111110001001111111000000000000000000000111110000000000111100
0.0000000000000000e+00;1111111111111111100011111111111111111111110000000000000000000000001111101
1.0204081632653060e-02;1111111111000000000011111111111111001111111111100010111110000000001000000
3.9647459119791202e-03;1111000000000000000011001111111111001111111111110000111111111100000000000
0.0000000000000000e+00;1111111111100000000001101111111000001000000000000001111111000000000000000
6.8388103880332911e-03;1100000000000000000001110000000000001111110000000000111111111100001111101
1.0204081632653060e-02;1111000000000000000011111110000000001111111111100000111111111111100000001
1.0204081632653060e-02;1111111111111111110001111111111000001111111111111111111111000000001111101
6.7705223906866299e-03;1110000000000000000000001110000000000000000000000001111111111111110000000
1.0204081632653060e-02;1110000000000000000010001111111111000000000000000000111111111111110000001
1.0204081632653060e-02;1111111111000000000001101111111100001111110000000010111111111111100000001
0.0000000000000000e+00;1111111111110000000001101111110000001111111100000000111111100000000000000
7.7815197918606018e-04;1111111110000000000011111100000000001111100000000001111111100000000000010
1.0204081632653060e-02;1111111111111111100001001111111111111111111111111100110000000000001111111
0.0000000000000000e+00;1111111111111111100011001111111000001111100000000000111111111100000000000
0.0000000000000000e+00;1111111111111100000011001110000000001111110000000000110000000000000000000
0.0000000000000000e+00;1110000000000000000001001111111000000000000000000000111111111111110000000
1.0204081632653060e-02;1111111111000000000001111100000000000000000000000000111111111111110111000
6.2540063084794064e-04;1111111111111100000001001110000000001111100000000010111111100000000000000
1.0204081632653060e-02;1111111000000000000011101110000000001111000000000000111111111100001111100
0.0000000000000000e+00;1111000000000000000011101111111111101111111111110000111111000000000000000
3.7854005196650236e-03;1111111110000000000011111100000000001000000000000000111111111100001000001
4.6613373025937216e-03;1111111111111111000011111111111111111111111111111101111100000000001111101
0.0000000000000000e+00;1111111111111111000011111111111111111111100000000001111110000000001111101
8.1441311404875476e-03;1111111111111111110001111111111000001111111111110001111100000000001111100
1.0204081632653060e-02;1111111111100000000011101100000000001111111000000000111111111111110000001
0.0000000000000000e+00;1111111100000000000001001110000000001100000000000001111111111111110000000
0.0000000000000000e+00;1111100000000000000011001110000000000000000000000001111111111000000111000
1.0204081632653060e-02;1111111111111100000011111111111111000000000000000000111000000000001000001
6.2576412767289830e-04;1111111100000000000011111111111111111111110000000000111111000000001111101
7.5486566233849712e-03;1111111111110000000011111111111111111111111111111100100000000000001111001
0.0000000000000000e+00;1111111111100000000011111111111111001111111111111101111110000000001111101
3.4036218589634046e-03;1111111111000000000011111111111111111111111111110001111111111111001111101
8.6668509700032325e-03;1111111111111000000011111111111111001111100000000000111111111100000000000
1.0204081632653060e-02;1111111111111111000001001110000000001111111111100000111111111100000111101
8.2136210591739322e-03;1111100000000000000011111100000000001111111100000000111111000000000000000
0.0000000000000000e+00;1111111000000000000011001110000000000000000000000000111111111100000000000
0.0000000000000000e+00;1111111100000000000001001110000000001111110000000001111111111111110000000
0.0000000000000000e+00;1111111111100000000011001110000000000000000000000000111111111111000000000
0.0000000000000000e+00;1111111111111100000011111111111000001111111111111110111110000000001111101
0.0000000000000000e+00;1111100000000000000011001111111000000000000000000000111100000000000000000
4.0413992131363742e-03;1111111111000000000011000000000000000000000000000000110000000000000000000
2.6774916134065889e-05;1111110000000000000011001111111000001111111111000000111111111100000000000
2.8673131945327118e-03;1111111111111110000011111110000000001111111100000000111111100000000000000
0.0000000000000000e+00;1111110000000000000011001110000000001111111111110001111111111111000000000
6.0799013779521760e-03;1111111111111111000011111111111111111111111111111110111111111100001111101
2.0398512444895585e-03;1111000000000000000011111100000000000000000000000000111111111100001111101
9.0554063571209736e-04;1111111111100000000011111111111111000000000000000000111111000000000000000
0.0000000000000000e+00;1111111100000000000011111111111000001111111111100000110000000000001111101
2.7235889552877186e-03;1111111111111100000011001111111111110000000000000001111111000000000111000
1.0204081632653060e-02;1111111111111111110011111111111111001111111000000011111100000000001000001
0.0000000000000000e+00;1111111111100000000011111111110000001100000000000000110000000000001000001
0.0000000000000000e+00;1111111111000000000011001111111111111111111000000000111111111111100000000
0.0000000000000000e+00;1111111111100000000001001100000000000000000000000000111111111111000000000
0.0000000000000000e+00;1111111000000000000011001110000000000000000000000000111111111100000000000
0.0000000000000000e+00;1111111111110000000001001111111111000000000000000000111111100000000000000
5.7593233404779716e-03;1111111110000000000010001111111111001111111100000010111111111111110111101
1.3163277890335388e-03;1111111111100000000011111111111111001111100000000001111111100000001111101
0.0000000000000000e+00;1111111111000000000011001111111111001111100000000000111000000000000000000
4.2654026252834289e-03;1111111111111111100011111111111100001110000000000000110000000000000000000
0.0000000000000000e+00;1111111111111111100011101111111111000000000000000000111111111111000000000
0.0000000000000000e+00;0000000000000000000011001110000000001111100000000000111111111111000000000
0.0000000000000000e+00;1111110000000000000011101111111111000000000000000000111111111111110000000
0.0000000000000000e+00;1111111111111000000011001111111111001111111111111000111111111111000000000
4.5279719412019519e-03;1111111111100000000011101111111111000000000000000000111111111111100000000
0.0000000000000000e+00;1111111111110000000011111111111111001111111000000000111111000000001111101
0.0000000000000000e+00;1111111100000000000011111111111111001111111111100000111111000000001111101
0.0000000000000000e+00;1111111111111100000011111111111111001100000000000000110000000000000111101
0.0000000000000000e+00;1111111111111111110011001111111111001111111111100000111111111100000000000
0.0000000000000000e+00;1111000000000000000011101111111000000000000000000000111111111100000000000
1.7921355712513065e-03;1111111110000000000001111111111000001111100000000000000000000000000000000
0.0000000000000000e+00;1111111111110000000011111111111000001111000000000000111100000000001111101
0.0000000000000000e+00;1111111111100000000011001111111000001111000000000000111111111100000000000
0.0000000000000000e+00;1111111111110000000011111111111111001111111111111100111110000000001111101
1.0204081632653060e-02;1111111110000000000011111100000000001111100000000001111111100000001111110
0.0000000000000000e+00;1111111111111100000001001111111111111111111111111000111111000000000000000
1.0204081632653060e-02;1111111111111111100011101111111111111100000000000011000000000000000000001
0.0000000000000000e+00;1111111111111111100011001111111000001111110000000000110000000000000000000
1.0204081632653060e-02;1111110000000000000011111110000000001111100000000000111111100000001111101
1.0204081632653060e-02;1111111111100000000001111110000000001111111111111000110000000000001111100
2.6967762480866455e-03;1111111111111000000011111111111111111111111111100001111100000000001111101
4.8660381198428887e-03;1111111110000000000011111111111111111111111111100001111100000000000000000
0.0000000000000000e+00;1111111111100000000011001111111111111100000000000001111000000000000000000
0.0000000000000000e+00;1111111111000000000011001111111000001111100000000000111111111111000000000
7.1931876457897101e-03;1111111100000000000011101111111100000000000000000000110000000000000000000
0.0000000000000000e+00;1111110000000000000001001111110000000000000000000000111111111111110000000
5.4412188714802710e-03;1111111111111111111000001111111111110000000000000000111000000000000000000
1.0204081632653060e-02;1111111111100000000011111110000000001111111111110000111111000000000111100
0.0000000000000000e+00;1111111000000000000011001111111111111111111000000000111111000000000000000
5.4639914489589617e-03;1111111111111000000011111110000000001111110000000000111000000000001000001
1.0204081632653060e-02;1111111111111111100000001111111000001111111111111000110000000000000111100
6.6922687275551484e-03;1111111111000000000010001100000000001111110000000000111111111100000000000
2.1558900849455213e-03;1111111110000000000011101110000000001111100000000000111111111100000000000
0.0000000000000000e+00;1111111000000000000011101111111111110000000000000000111111111000000000000
0.0000000000000000e+00;1100000000000000000001000000000000001110000000000001111111111100000000000
0.0000000000000000e+00;1111111111111111000011001111111000000000000000000000110000000000000000000
9.7083440773728796e-03;1111111111100000000011111111111111111100000000000000111111100000001000000
5.0864366659760119e-03;1110000000000000000011001110000000001111111111111001111111111111110000000
1.0204081632653060e-02;1110000000000000000011001100000000001111110000000000111111100000000000001
0.0000000000000000e+00;0000000000000000000011001111111000000000000000000001111111111111110000000
1.0204081632653060e-02;1111111111111100000011111111110000001100000000000000111111100000000000001
4.7968830029742910e-03;1111111111000000000011111100000000001111111000000010110000000000000000001
1.0204081632653060e-02;1111111111100000000001101111111111001111111111100000111111100000001000011
1.0204081632653060e-02;1111111111111111000011101111111000001111111111100000111111000000001111010
2.0129453595909702e-03;1111111111111111000001101111111000001110000000000001111111111111000000010
9.0808718079183216e-03;1111111111000000000011111111111111111111000000000000110000000000001111111
1.0204081632653060e-02;1000000000000000000000001111111111111111100000000001111111111111100000010
6.0037010808500040e-03;1111100000000000000011111100000000001111111111100000111111111100000000011
5.9877172378429190e-03;1111111111111100000011101110000000001110000000000000111111100000000000000
0.0000000000000000e+00;1111111111111110000011001111111111000000000000000000111111111100000000010
0.0000000000000000e+00;0000000000000000000011001111111111000000000000000000111111111111100000000
1.0204081632653060e-02;1111111110000000000011111111111000001110000000000000110000000000000000001
7.1281042661914540e-03;1111111111100000000001111111111111111111111111110000111111111100001111101
0.0000000000000000e+00;1111111111000000000001101110000000000000000000000000111110000000000000000
5.0276994734540304e-03;1100000000000000000011101110000000001111111111110000111111111111110000000
0.0000000000000000e+00;1111111111111110000011001110000000001111110000000010111111100000000000010
1.0204081632653060e-02;1111111111100000000011111111111111101111111000000000111111111100000000001
0.0000000000000000e+00;1111111111111000000011101110000000000000000000000000111111100000000000000
0.0000000000000000e+00;1111000000000000000011110000000000000000000000000000111111000000001111101
0.0000000000000000e+00;1111110000000000000011001110000000001111111111110000111111111111100000000
0.0000000000000000e+00;1111000000000000000001111111111000000000000000000001111111111111110000000
1.0204081632653060e-02;1111000000000000000011111111111000001111111111111000111111111111000000000
0.0000000000000000e+00;1111110000000000000011101111111000001111111111100000111111111111000000000
0.0000000000000000e+00;1111000000000000000001001110000000001111111111000000111111000000000000000
1.0204081632653060e-02;1111110000000000000011111100000000001111110000000000111111110000000000000
0.0000000000000000e+00;1111111111111100000001001111111111001111111111111001111111100000000000000
1.0204081632653060e-02;1111100000000000000011001110000000000000000000000000111111111111001111100
0.0000000000000000e+00;1111110000000000000011111110000000001111111111111100111000000000001111101
1.0204081632653060e-02;1111111111111110000010001111111111001111111111110000111111000000000000001
0.0000000000000000e+00;1111111111000000000011111111111111111111111111111100110000000000001111101
0.0000000000000000e+00;1111111111000000000011111111111111110000000000000000110000000000001111101
1.1206182635809774e-03;1111111111111110000011001111111111101111111111111000111111111100000000000
0.0000000000000000e+00;1111111111111100000011111111111111110000000000000000111111110000001111101
2.6971962727546824e-03;1111111111111110000011001111111111111111111111110010111111110000001111101
0.0000000000000000e+00;1111111100000000000001001110000000001111111000000000111000000000000000000
0.0000000000000000e+00;1111111111000000000011111111111111111111111000000000110000000000001111101
8.5918330906083781e-04;1111111111111100000010001110000000000000000000000000111111100000000111000
1.0204081632653060e-02;1111111111111100000011101110000000001111100000000000111111111100001111011
4.7895337360997874e-04;1111111111000000000011111111000000001111111111000011111111111100001111101
2.0619835900642521e-03;1111111100000000000011111111111000001110000000000001111111000000001111101
0.0000000000000000e+00;1111111111100000000011111111111000001111111111111100111100000000001111101
9.2253217463840569e-03;1111111100000000000011111111111100001111111111111100111111000000000000001
0.0000000000000000e+00;1111111111000000000011111110000000001111111000000000111000000000000111101
1.0204081632653060e-02;1111111111111111110011111111110000001111111111110001111000000000001000000
2.1177016639425004e-03;1111111111111111111011001111111111001111111100000000111111111100000111000
4.3227019823878290e-03;1111111111111110000011111111111111101111110000000000110000000000001111101
0.0000000000000000e+00;1111111111111000000001101110000000001111111110000000111111000000000000000
0.0000000000000000e+00;1111111111111110000001001111111000001111111111111101111111111100000000000
0.0000000000000000e+00;1111000000000000000011101111111111110000000000000000111111111111100000000
0.0000000000000000e+00;1111111111100000000001101111111111110000000000000000111100000000000100000
0.0000000000000000e+00;1111111111111110000001001111000000001111111111111000111111111100000000000
5.9597290042391476e-03;1111111110000000000011001111111111001111111111000000111111111111001000000
0.0000000000000000e+00;1111111111111100000001001110000000001110000000000000111111100000000111000
0.0000000000000000e+00;1111111110000000000011111110000000001111100000000000111000000000001000001
1.0204081632653060e-02;1111111111111111110011111111111000000000000000000000111110000000000000001
8.0794788810804544e-03;1111111111000000000011101111111111000000000000000000111111110000001111101
0.0000000000000000e+00;1111111111111100000011001111111111111111111111110000111111111111110000000
6.8060528131774958e-03;1111111111110000000011111111111000001111111111110000110000000000001111101
5.2210961129352485e-03;1110000000000000000011000000000000001110000000000000111111111100000000000
0.0000000000000000e+00;1111111111111100000011111111111000001111100000000000000000000000001111101
1.8670806444867430e-03;1111111111000000000001101111111000000000000000000000111111110000000111100
1.8925963060796940e-03;1111111100000000000011111110000000001111000000000000111111100000000000000
5.7770710836051583e-03;1100000000000000000001001000000000000000000000000000111111111111000000000
0.0000000000000000e+00;1111111111111110000011111111111111000000000000000000111111000000001111101
0.0000000000000000e+00;1111111111111110000011101110000000001110000000000001111111000000000000000
0.0000000000000000e+00;1111111100000000000001001111111111110000000000000000111111111111110000000
5.3337782713133355e-03;1111111111111111110011101111111111111100000000000000110000000000000000000
3.0668797970799864e-03;1111111111100000000011101111111100000000000000000000111111111100000111101
2.6780764327666291e-03;1111111111110000000011111111111111110000000000000000111111000000001111101
1.0204081632653060e-02;1111111111111111100001111111111111111111111111111101111111000000001110100
0.0000000000000000e+00;1111111111111100000001001111111000001111110000000001111111111100000000000
0.0000000000000000e+00;1111111111111111110011101110000000001111110000000001111111000000000000000
0.0000000000000000e+00;1111111111100000000011111111111111111110000000000000111100000000000111101
0.0000000000000000e+00;1111111111100000000001101111111000001110000000000000111111111111001111000
8.2104576923524748e-03;1111111111111110000001001100000000001111111111111101111111111111000000000
9.0889807330079894e-03;1111111000000000000011111111111111001111111111111100111111111111100000000
0.0000000000000000e+00;1111111111100000000001101100000000000000000000000000111100000000000000000
9.3362506712898648e-03;1111111111111111110011111111111111000000000000000000111111100000000000000
0.0000000000000000e+00;1111111111111000000011001110000000000000000000000000111111000000000000000
5.7770710836051583e-03;1111111111000000000001000000000000001111111111111001000000000000000111000
0.0000000000000000e+00;1111000000000000000011001110000000000000000000000000111111111111110000000
6.6583108895174456e-03;1111111111000000000011101100000000001100000000000000111111100000000000010
0.0000000000000000e+00;1111111111000000000001001111111111001111110000000000111111000000000111000
8.0611973250057020e-03;1111111111111000000011111111111000000000000000000000111111111000000000000
