0.0000000000000000e+00;1111110000000000000011001111111111001111111111100000111111111111100000000
1.0204081632653060e-02;1111111111100000000001101111111111110000000000000000111111111110000111101
4.0850807712050083e-03;1111000000000000000011001111111000001111111111100001110000000000000000000
0.0000000000000000e+00;1111111111000000000001111111111110001100000000000000110000000000001111101
0.0000000000000000e+00;1111111111111100000011101111111111110000000000000000111100000000000000000
0.0000000000000000e+00;1111100000000000000011101110000000001111111111111100111111111111100000000
0.0000000000000000e+00;1111111100000000000001001111111000001111100000000000111111111111100000000
0.0000000000000000e+00;1111111111111100000011001100000000001000000000000000111111110000000000000
0.0000000000000000e+00;1111000000000000000011111111111111001000000000000000111111000000001111101
0.0000000000000000e+00;1111111111000000000001001110000000001111111111100000111100000000000000000
0.0000000000000000e+00;1111000000000000000001101111111000001100000000000000111111110000000000000
3.3173111333297690e-03;1111111111111111100011001111111100000000000000000001110000000000001111101
0.0000000000000000e+00;1111100000000000000011001110000000001000000000000000111111110000000000000
0.0000000000000000e+00;1111111111100000000011111111111111001111100000000000111111100000001111101
0.0000000000000000e+00;1111111000000000000001101100000000001100000000000001111111100000000000000
4.6613150717102654e-03;1111111111111100000001001110000000001111111100000000111111111100000111100
1.0204081632653060e-02;1111000000000000000011111100000000000000000000000000111111111111000000001
0.0000000000000000e+00;1111111100000000000001001110000000000000000000000000111111111111000000000
1.0204081632653060e-02;1111111111111111110011110000000000001111110000000000111110000000000111101
1.0204081632653060e-02;1111000000000000000011001110000000001111111000000000111111111111000111101
0.0000000000000000e+00;1111111100000000000000000000000000001111000000000000111111110000000000000
0.0000000000000000e+00;1111111100000000000011001110000000000000000000000000111111110000000111100
0.0000000000000000e+00;1111111111100000000001001111100000000000000000000000111111111111000000000
0.0000000000000000e+00;1111111100000000000011001111111111111111111111100000111111111100001111101
0.0000000000000000e+00;1111110000000000000011101111111000001100000000000000111111100000000000000
0.0000000000000000e+00;1111000000000000000011101111111000001100000000000000111111111111110000000
1.0204081632653060e-02;1111111111111000000011111111100000001111111000000001110000000000001111100
0.0000000000000000e+00;1111111111110000000011001110000000001111111111100000111000000000000000000
0.0000000000000000e+00;1111111111111000000001001100000000001111111111111100111111000000000000000
0.0000000000000000e+00;1111111111100000000011001111110000000000000000000000111111110000000000000
1.0204081632653060e-02;1111111111111000000011101111111111101111111111111100111111000000000000001
0.0000000000000000e+00;1111111111111111000011101111111000000000000000000000110000000000000000000
1.7489725280174972e-03;1111111111111100000011111111110000001111000000000000111100000000000111101
1.6612122887815252e-03;1111110000000000000011111111111000000000000000000001111111000000000111101
0.0000000000000000e+00;1111111100000000000001001111111111110000000000000000111111111100000000000
1.4846525126313566e-03;1100000000000000000011001111110000001111110000000000111111111100000000000
0.0000000000000000e+00;1111111111111111111111111111111111001111111111110010000000000000001111101
0.0000000000000000e+00;1111110000000000000001001100000000001111110000000001111111110000000000000
0.0000000000000000e+00;1111111111000000000001001110000000000000000000000011111111111000000000000
1.0204081632653060e-02;1111111111000000000001111111111111111111000000000000111111000000001111100
0.0000000000000000e+00;1111111111111100000001001111111111111111100000000000111111000000000000000
1.0204081632653060e-02;1111111111111100000001101111111000001111111111110001110000000000001000101
1.8393359940995287e-03;1110000000000000000011001111111111111111111000000000111111111111100000000
0.0000000000000000e+00;1111111111110000000011101111111111001111111000000001111111111111100000000
0.0000000000000000e+00;1111111100000000000011111110000000000000000000000000111100000000001111111
1.0204081632653060e-02;1111111111111111110011101111111000001111111111111000111100000000001111110
1.0204081632653060e-02;1111000000000000000011111110000000001111000000000000111111111111100000010
0.0000000000000000e+00;1111111111100000000011001111111111001100000000000000111111111111100000010
1.0204081632653060e-02;1111000000000000000011101100000000001111111111111100111111111111110111110
3.9194732742697681e-03;1111110000000000000011111100000000001111111111100000111111111111100000011
0.0000000000000000e+00;1111111111100000000011111111111000001111100000000000111100000000001111111
1.0204081632653060e-02;1111111111000000000001111110000000001000000000000000110000000000001111111
0.0000000000000000e+00;1111111100000000000011001111111111001111000000000010111100000000000000000
0.0000000000000000e+00;1111110000000000000001001111111000001111100000000000111111111100000000000
1.0204081632653060e-02;1111111111110000000001111111111000000000000000000000111111100000001111100
0.0000000000000000e+00;1111111111100000000001001111111111110000000000000000111111111111100000000
0.0000000000000000e+00;1100000000000000000011111110000000001111111100000000111111111100001111101
1.0204081632653060e-02;1111111111111111100011101111111000001100000000000001111111100000000000011
1.0204081632653060e-02;1111111111111100000011111111111111111111111111111101111111000000000111000
1.0204081632653060e-02;1111111111110000000011111100000000001111111111111101110000000000001111101
1.0204081632653060e-02;1111111111100000000011000000000000001111110000000000111111111111100000000
0.0000000000000000e+00;1111111100000000000001101111111111110000000000000000111111111111110000010
0.0000000000000000e+00;1111111100000000000011111111111111001111000000000000111111110000000000000
0.0000000000000000e+00;1111111110000000000011111110000000001111111111100000111110000000001111101
0.0000000000000000e+00;1111111111100000000001001100000000001000000000000000111111110000000000000
0.0000000000000000e+00;1111000000000000000001001110000000001111111000000000111111000000000000000
0.0000000000000000e+00;1111111100000000000001111111111100001111111111110000111111110000000000000
0.0000000000000000e+00;1100000000000000000011001100000000001111000000000000111111111111110000000
0.0000000000000000e+00;1111111111110000000011111111111111111111110000000001000000000000001111101
3.4107897935139724e-03;1111111100000000000011111111111111111111111111111100111111111111100000000
3.6821731300411952e-03;1111111111111111100011001111111111001111111000000001111111110000001111101
0.0000000000000000e+00;1111111100000000000011001111111000001100000000000000111111000000000000000
1.0204081632653060e-02;1111111111110000000011111110000000000000000000000000111111111100000000001
0.0000000000000000e+00;1111111100000000000001111110000000001110000000000001111000000000000000000
0.0000000000000000e+00;1111111111111110000011111111111111001111111000000000111111000000001111101
1.0204081632653060e-02;1111111110000000000011101111111111110000000000000000111000000000000000000
1.0204081632653060e-02;1100000000000000000011111100000000001111111111111100111111000000000000001
0.0000000000000000e+00;1110000000000000000001111111111111000000000000000000111111111100000000000
0.0000000000000000e+00;1111111111110000000011001111111111000000000000000000111111100000001000000
1.0204081632653060e-02;1111111111100000000011111111111000001000000000000000111111111111100000001
0.0000000000000000e+00;1111111111111110000011101100000000001111111111100000111111111111000000000
0.0000000000000000e+00;1111111111111100000011001110000000001111100000000000111111111100000000000
1.0204081632653060e-02;1111111111111111111111111111111111111111000000000000111000000000000000001
0.0000000000000000e+00;1111111111110000000011001111111111110000000000000000111111111111000000000
0.0000000000000000e+00;1111111111111111000011111111111111111100000000000010111110000000001111101
0.0000000000000000e+00;1111111111111111111111111111111111000000000000000000100000000000001111101
0.0000000000000000e+00;1111111111111111111111111111111111111111111000000010110000000000001111101
8.7831335418279352e-03;1111111111111000000001001111111111001100000000000000111111110000001111100
1.0204081632653060e-02;1111111100000000000010001110000000001111111111110001111111111100000000001
1.0204081632653060e-02;1111111111111110000011111111111111001111000000000000110000000000001100100
0.0000000000000000e+00;1111111111100000000001001100000000000000000000000000111111111111000000000
0.0000000000000000e+00;1111100000000000000011111111111000001111111111110000111111100000000000000
0.0000000000000000e+00;1111111111110000000001001110000000001100000000000000111111111000000000000
0.0000000000000000e+00;1111111111000000000011111111111111111111111111111100000000000000001111101
0.0000000000000000e+00;1111100000000000000001101100000000000000000000000001111111111111110000000
1.0204081632653060e-02;1111111111111111100011111111111000001111111000000000111111100000001111101
0.0000000000000000e+00;1111111100000000000011001111111111101000000000000000111111100000000000000
1.0204081632653060e-02;1111100000000000000011101111111111110000000000000010111111111111000000000
1.0204081632653060e-02;1111111111111111000011111110000000000000000000000000111111100000000000000
0.0000000000000000e+00;1111110000000000000011001111110000001111111000000000111111110000000000000
1.2450470624840969e-03;1111111111111111111111111111111000001111111111000001111000000000001111101
1.0204081632653060e-02;1111111111100000000011111111111000000000000000000000110000000000000000010
1.0204081632653060e-02;1111110000000000000001111111111111111111111111111100111111000000000111111
0.0000000000000000e+00;1111110000000000000011111110000000001111111111111100111111111100001111111
1.0204081632653060e-02;1111111110000000000011111100000000000000000000000000111110000000000000011
0.0000000000000000e+00;1111111111111111100011001111111111001111111000000010111111100000000000010
0.0000000000000000e+00;1111111111000000000001111110000000001111110000000001110000000000000000000
0.0000000000000000e+00;1110000000000000000011001111111111111100000000000001111111111111100000000
0.0000000000000000e+00;1111111111100000000011111111111111000000000000000000111111000000000000000
0.0000000000000000e+00;1111100000000000000011001111111111111111100000000000110000000000000000000
1.0204081632653060e-02;1111111111111111110001001111111000000000000000000000111110000000000111100
0.0000000000000000e+00;1111111111111111100011111111111111111111110000000000000000000000001111101
1.0204081632653060e-02;1111111111000000000011111111111111001111111111100010111110000000001000000
0.0000000000000000e+00;1111000000000000000011001111111111001111111111110000111111111100000000000
0.0000000000000000e+00;1111111111100000000001101111111000001000000000000001111111000000000000000
9.1910267392173450e-03;1100000000000000000001110000000000001111110000000000111111111100001111101
1.0204081632653060e-02;1111000000000000000011111110000000001111111111100000111111111111100000001
1.0204081632653060e-02;1111111111111111110001111111111000001111111111111111111111000000001111101
1.0204081632653060e-02;1110000000000000000000001110000000000000000000000001111111111111110000000
1.0204081632653060e-02;1110000000000000000010001111111111000000000000000000111111111111110000001
1.0204081632653060e-02;1111111111000000000001101111111100001111110000000010111111111111100000001
0.0000000000000000e+00;1111111111110000000001101111110000001111111100000000111111100000000000000
3.1834750868495187e-04;1111111110000000000011111100000000001111100000000001111111100000000000010
1.0204081632653060e-02;1111111111111111100001001111111111111111111111111100110000000000001111111
0.0000000000000000e+00;1111111111111111100011001111111000001111100000000000111111111100000000000
0.0000000000000000e+00;1111111111111100000011001110000000001111110000000000110000000000000000000
0.0000000000000000e+00;1110000000000000000001001111111000000000000000000000111111111111110000000
7.3457919107290989e-03;1111111111000000000001111100000000000000000000000000111111111111110111000
0.0000000000000000e+00;1111111111111100000001001110000000001111100000000010111111100000000000000
1.0204081632653060e-02;1111111000000000000011101110000000001111000000000000111111111100001111100
0.0000000000000000e+00;1111000000000000000011101111111111101111111111110000111111000000000000000
8.9932363080056374e-04;1111111110000000000011111100000000001000000000000000111111111100001000001
1.0204081632653060e-02;1111111111111111000011111111111111111111111111111101111100000000001111101
0.0000000000000000e+00;1111111111111111000011111111111111111111100000000001111110000000001111101
1.0204081632653060e-02;1111111111111111110001111111111000001111111111110001111100000000001111100
1.0204081632653060e-02;1111111111100000000011101100000000001111111000000000111111111111110000001
0.0000000000000000e+00;1111111100000000000001001110000000001100000000000001111111111111110000000
1.3190215557190230e-04;1111100000000000000011001110000000000000000000000001111111111000000111000
4.0726096142796805e-03;1111111111111100000011111111111111000000000000000000111000000000001000001
0.0000000000000000e+00;1111111100000000000011111111111111111111110000000000111111000000001111101
1.0204081632653060e-02;1111111111110000000011111111111111111111111111111100100000000000001111001
0.0000000000000000e+00;1111111111100000000011111111111111001111111111111101111110000000001111101
0.0000000000000000e+00;1111111111000000000011111111111111111111111111110001111111111111001111101
1.0204081632653060e-02;1111111111111000000011111111111111001111100000000000111111111100000000000
1.0204081632653060e-02;1111111111111111000001001110000000001111111111100000111111111100000111101
1.0204081632653060e-02;1111100000000000000011111100000000001111111100000000111111000000000000000
0.0000000000000000e+00;1111111000000000000011001110000000000000000000000000111111111100000000000
0.0000000000000000e+00;1111111100000000000001001110000000001111110000000001111111111111110000000
0.0000000000000000e+00;1111111111100000000011001110000000000000000000000000111111111111000000000
0.0000000000000000e+00;1111111111111100000011111111111000001111111111111110111110000000001111101
0.0000000000000000e+00;1111100000000000000011001111111000000000000000000000111100000000000000000
3.8314072249100491e-03;1111111111000000000011000000000000000000000000000000110000000000000000000
0.0000000000000000e+00;1111110000000000000011001111111000001111111111000000111111111100000000000
1.0204081632653060e-02;1111111111111110000011111110000000001111111100000000111111100000000000000
0.0000000000000000e+00;1111110000000000000011001110000000001111111111110001111111111111000000000
0.0000000000000000e+00;1111111111111111000011111111111111111111111111111110111111111100001111101
0.0000000000000000e+00;1111000000000000000011111100000000000000000000000000111111111100001111101
0.0000000000000000e+00;1111111111100000000011111111111111000000000000000000111111000000000000000
0.0000000000000000e+00;1111111100000000000011111111111000001111111111100000110000000000001111101
2.5193304447904269e-03;1111111111111100000011001111111111110000000000000001111111000000000111000
1.0204081632653060e-02;1111111111111111110011111111111111001111111000000011111100000000001000001
1.5494371313668587e-03;1111111111100000000011111111110000001100000000000000110000000000001000001
0.0000000000000000e+00;1111111111000000000011001111111111111111111000000000111111111111100000000
0.0000000000000000e+00;1111111111100000000001001100000000000000000000000000111111111111000000000
0.0000000000000000e+00;1111111000000000000011001110000000000000000000000000111111111100000000000
0.0000000000000000e+00;1111111111110000000001001111111111000000000000000000111111100000000000000
0.0000000000000000e+00;1111111110000000000010001111111111001111111100000010111111111111110111101
0.0000000000000000e+00;1111111111100000000011111111111111001111100000000001111111100000001111101
0.0000000000000000e+00;1111111111000000000011001111111111001111100000000000111000000000000000000
4.1249947016787072e-03;1111111111111111100011111111111100001110000000000000110000000000000000000
6.4842778713543143e-03;1111111111111111100011101111111111000000000000000000111111111111000000000
0.0000000000000000e+00;0000000000000000000011001110000000001111100000000000111111111111000000000
0.0000000000000000e+00;1111110000000000000011101111111111000000000000000000111111111111110000000
0.0000000000000000e+00;1111111111111000000011001111111111001111111111111000111111111111000000000
0.0000000000000000e+00;1111111111100000000011101111111111000000000000000000111111111111100000000
0.0000000000000000e+00;1111111111110000000011111111111111001111111000000000111111000000001111101
0.0000000000000000e+00;1111111100000000000011111111111111001111111111100000111111000000001111101
0.0000000000000000e+00;1111111111111100000011111111111111001100000000000000110000000000000111101
0.0000000000000000e+00;1111111111111111110011001111111111001111111111100000111111111100000000000
0.0000000000000000e+00;1111000000000000000011101111111000000000000000000000111111111100000000000
0.0000000000000000e+00;1111111110000000000001111111111000001111100000000000000000000000000000000
0.0000000000000000e+00;1111111111110000000011111111111000001111000000000000111100000000001111101
0.0000000000000000e+00;1111111111100000000011001111111000001111000000000000111111111100000000000
0.0000000000000000e+00;1111111111110000000011111111111111001111111111111100111110000000001111101
1.0204081632653060e-02;1111111110000000000011111100000000001111100000000001111111100000001111110
0.0000000000000000e+00;1111111111111100000001001111111111111111111111111000111111000000000000000
1.0204081632653060e-02;1111111111111111100011101111111111111100000000000011000000000000000000001
0.0000000000000000e+00;1111111111111111100011001111111000001111110000000000110000000000000000000
1.0204081632653060e-02;1111110000000000000011111110000000001111100000000000111111100000001111101
1.0204081632653060e-02;1111111111100000000001111110000000001111111111111000110000000000001111100
1.1209894660006142e-03;1111111111111000000011111111111111111111111111100001111100000000001111101
1.0204081632653060e-02;1111111110000000000011111111111111111111111111100001111100000000000000000
0.0000000000000000e+00;1111111111100000000011001111111111111100000000000001111000000000000000000
0.0000000000000000e+00;1111111111000000000011001111111000001111100000000000111111111111000000000
0.0000000000000000e+00;1111111100000000000011101111111100000000000000000000110000000000000000000
0.0000000000000000e+00;1111110000000000000001001111110000000000000000000000111111111111110000000
1.0204081632653060e-02;1111111111111111111000001111111111110000000000000000111000000000000000000
1.0204081632653060e-02;1111111111100000000011111110000000001111111111110000111111000000000111100
0.0000000000000000e+00;1111111000000000000011001111111111111111111000000000111111000000000000000
1.0204081632653060e-02;1111111111111000000011111110000000001111110000000000111000000000001000001
1.0204081632653060e-02;1111111111111111100000001111111000001111111111111000110000000000000111100
8.5927768087174679e-03;1111111111000000000010001100000000001111110000000000111111111100000000000
1.0204081632653060e-02;1111111110000000000011101110000000001111100000000000111111111100000000000
0.0000000000000000e+00;1111111000000000000011101111111111110000000000000000111111111000000000000
0.0000000000000000e+00;1100000000000000000001000000000000001110000000000001111111111100000000000
0.0000000000000000e+00;1111111111111111000011001111111000000000000000000000110000000000000000000
1.0204081632653060e-02;1111111111100000000011111111111111111100000000000000111111100000001000000
1.0204081632653060e-02;1110000000000000000011001110000000001111111111111001111111111111110000000
1.0204081632653060e-02;1110000000000000000011001100000000001111110000000000111111100000000000001
1.1093302733616080e-03;0000000000000000000011001111111000000000000000000001111111111111110000000
1.0204081632653060e-02;1111111111111100000011111111110000001100000000000000111111100000000000001
6.8073545374159735e-03;1111111111000000000011111100000000001111111000000010110000000000000000001
1.0204081632653060e-02;1111111111100000000001101111111111001111111111100000111111100000001000011
1.0204081632653060e-02;1111111111111111000011101111111000001111111111100000111111000000001111010
1.0204081632653060e-02;1111111111111111000001101111111000001110000000000001111111111111000000010
1.0611835523457909e-03;1111111111000000000011111111111111111111000000000000110000000000001111111
1.0204081632653060e-02;1000000000000000000000001111111111111111100000000001111111111111100000010
1.0204081632653060e-02;1111100000000000000011111100000000001111111111100000111111111100000000011
0.0000000000000000e+00;1111111111111100000011101110000000001110000000000000111111100000000000000
0.0000000000000000e+00;1111111111111110000011001111111111000000000000000000111111111100000000010
0.0000000000000000e+00;0000000000000000000011001111111111000000000000000000111111111111100000000
1.0204081632653060e-02;1111111110000000000011111111111000001110000000000000110000000000000000001
0.0000000000000000e+00;1111111111100000000001111111111111111111111111110000111111111100001111101
0.0000000000000000e+00;1111111111000000000001101110000000000000000000000000111110000000000000000
1.4752971726388637e-03;1100000000000000000011101110000000001111111111110000111111111111110000000
0.0000000000000000e+00;1111111111111110000011001110000000001111110000000010111111100000000000010
1.0204081632653060e-02;1111111111100000000011111111111111101111111000000000111111111100000000001
0.0000000000000000e+00;1111111111111000000011101110000000000000000000000000111111100000000000000
0.0000000000000000e+00;1111000000000000000011110000000000000000000000000000111111000000001111101
0.0000000000000000e+00;1111110000000000000011001110000000001111111111110000111111111111100000000
0.0000000000000000e+00;1111000000000000000001111111111000000000000000000001111111111111110000000
1.0204081632653060e-02;1111000000000000000011111111111000001111111111111000111111111111000000000
0.0000000000000000e+00;1111110000000000000011101111111000001111111111100000111111111111000000000
0.0000000000000000e+00;1111000000000000000001001110000000001111111111000000111111000000000000000
1.0204081632653060e-02;1111110000000000000011111100000000001111110000000000111111110000000000000
0.0000000000000000e+00;1111111111111100000001001111111111001111111111111001111111100000000000000
1.0204081632653060e-02;1111100000000000000011001110000000000000000000000000111111111111001111100
0.0000000000000000e+00;1111110000000000000011111110000000001111111111111100111000000000001111101
1.0204081632653060e-02;1111111111111110000010001111111111001111111111110000111111000000000000001
0.0000000000000000e+00;1111111111000000000011111111111111111111111111111100110000000000001111101
0.0000000000000000e+00;1111111111000000000011111111111111110000000000000000110000000000001111101
0.0000000000000000e+00;1111111111111110000011001111111111101111111111111000111111111100000000000
0.0000000000000000e+00;1111111111111100000011111111111111110000000000000000111111110000001111101
1.1614817990573244e-03;1111111111111110000011001111111111111111111111110010111111110000001111101
0.0000000000000000e+00;1111111100000000000001001110000000001111111000000000111000000000000000000
0.0000000000000000e+00;1111111111000000000011111111111111111111111000000000110000000000001111101
0.0000000000000000e+00;1111111111111100000010001110000000000000000000000000111111100000000111000
1.0204081632653060e-02;1111111111111100000011101110000000001111100000000000111111111100001111011
0.0000000000000000e+00;1111111111000000000011111111000000001111111111000011111111111100001111101
8.2148449066784673e-03;1111111100000000000011111111111000001110000000000001111111000000001111101
0.0000000000000000e+00;1111111111100000000011111111111000001111111111111100111100000000001111101
1.0204081632653060e-02;1111111100000000000011111111111100001111111111111100111111000000000000001
0.0000000000000000e+00;1111111111000000000011111110000000001111111000000000111000000000000111101
1.0204081632653060e-02;1111111111111111110011111111110000001111111111110001111000000000001000000
6.6029558670682425e-03;1111111111111111111011001111111111001111111100000000111111111100000111000
8.8281698437818849e-03;1111111111111110000011111111111111101111110000000000110000000000001111101
0.0000000000000000e+00;1111111111111000000001101110000000001111111110000000111111000000000000000
0.0000000000000000e+00;1111111111111110000001001111111000001111111111111101111111111100000000000
0.0000000000000000e+00;1111000000000000000011101111111111110000000000000000111111111111100000000
0.0000000000000000e+00;1111111111100000000001101111111111110000000000000000111100000000000100000
0.0000000000000000e+00;1111111111111110000001001111000000001111111111111000111111111100000000000
0.0000000000000000e+00;1111111110000000000011001111111111001111111111000000111111111111001000000
0.0000000000000000e+00;1111111111111100000001001110000000001110000000000000111111100000000111000
0.0000000000000000e+00;1111111110000000000011111110000000001111100000000000111000000000001000001
1.0204081632653060e-02;1111111111111111110011111111111000000000000000000000111110000000000000001
1.0204081632653060e-02;1111111111000000000011101111111111000000000000000000111111110000001111101
0.0000000000000000e+00;1111111111111100000011001111111111111111111111110000111111111111110000000
0.0000000000000000e+00;1111111111110000000011111111111000001111111111110000110000000000001111101
2.9804067839686622e-03;1110000000000000000011000000000000001110000000000000111111111100000000000
0.0000000000000000e+00;1111111111111100000011111111111000001111100000000000000000000000001111101
0.0000000000000000e+00;1111111111000000000001101111111000000000000000000000111111110000000111100
0.0000000000000000e+00;1111111100000000000011111110000000001111000000000000111111100000000000000
0.0000000000000000e+00;1100000000000000000001001000000000000000000000000000111111111111000000000
0.0000000000000000e+00;1111111111111110000011111111111111000000000000000000111111000000001111101
5.1775617994573352e-03;1111111111111110000011101110000000001110000000000001111111000000000000000
0.0000000000000000e+00;1111111100000000000001001111111111110000000000000000111111111111110000000
9.0410620633384776e-03;1111111111111111110011101111111111111100000000000000110000000000000000000
9.6024177566813654e-03;1111111111100000000011101111111100000000000000000000111111111100000111101
0.0000000000000000e+00;1111111111110000000011111111111111110000000000000000111111000000001111101
1.0204081632653060e-02;1111111111111111100001111111111111111111111111111101111111000000001110100
0.0000000000000000e+00;1111111111111100000001001111111000001111110000000001111111111100000000000
0.0000000000000000e+00;1111111111111111110011101110000000001111110000000001111111000000000000000
1.0204081632653060e-02;1111111111100000000011111111111111111110000000000000111100000000000111101
0.0000000000000000e+00;1111111111100000000001101111111000001110000000000000111111111111001111000
0.0000000000000000e+00;1111111111111110000001001100000000001111111111111101111111111111000000000
1.0204081632653060e-02;1111111000000000000011111111111111001111111111111100111111111111100000000
0.0000000000000000e+00;1111111111100000000001101100000000000000000000000000111100000000000000000
2.5735321232179496e-03;1111111111111111110011111111111111000000000000000000111111100000000000000
0.0000000000000000e+00;1111111111111000000011001110000000000000000000000000111111000000000000000
0.0000000000000000e+00;1111111111000000000001000000000000001111111111111001000000000000000111000
0.0000000000000000e+00;1111000000000000000011001110000000000000000000000000111111111111110000000
8.6089953334224055e-03;1111111111000000000011101100000000001100000000000000111111100000000000010
0.0000000000000000e+00;1111111111000000000001001111111111001111110000000000111111000000000111000
1.0204081632653060e-02;1111111111111000000011111111111000000000000000000000111111111000000000000
