0.0000000000000000e+00;1111110000000000000011001111111111001111111111100000111111111111100000000
1.0204081632653060e-02;1111111111100000000001101111111111110000000000000000111111111110000111101
0.0000000000000000e+00;1111000000000000000011001111111000001111111111100001110000000000000000000
0.0000000000000000e+00;1111111111000000000001111111111110001100000000000000110000000000001111101
0.0000000000000000e+00;1111111111111100000011101111111111110000000000000000111100000000000000000
0.0000000000000000e+00;1111100000000000000011101110000000001111111111111100111111111111100000000
0.0000000000000000e+00;1111111100000000000001001111111000001111100000000000111111111111100000000
0.0000000000000000e+00;1111111111111100000011001100000000001000000000000000111111110000000000000
0.0000000000000000e+00;1111000000000000000011111111111111001000000000000000111111000000001111101
0.0000000000000000e+00;1111111111000000000001001110000000001111111111100000111100000000000000000
0.0000000000000000e+00;1111000000000000000001101111111000001100000000000000111111110000000000000
2.3898527755660728e-03;1111111111111111100011001111111100000000000000000001110000000000001111101
0.0000000000000000e+00;1111100000000000000011001110000000001000000000000000111111110000000000000
0.0000000000000000e+00;1111111111100000000011111111111111001111100000000000111111100000001111101
0.0000000000000000e+00;1111111000000000000001101100000000001100000000000001111111100000000000000
3.8537866140352477e-03;1111111111111100000001001110000000001111111100000000111111111100000111100
1.0204081632653060e-02;1111000000000000000011111100000000000000000000000000111111111111000000001
0.0000000000000000e+00;1111111100000000000001001110000000000000000000000000111111111111000000000
1.0204081632653060e-02;1111111111111111110011110000000000001111110000000000111110000000000111101
1.0204081632653060e-02;1111000000000000000011001110000000001111111000000000111111111111000111101
0.0000000000000000e+00;1111111100000000000000000000000000001111000000000000111111110000000000000
0.0000000000000000e+00;1111111100000000000011001110000000000000000000000000111111110000000111100
0.0000000000000000e+00;1111111111100000000001001111100000000000000000000000111111111111000000000
0.0000000000000000e+00;1111111100000000000011001111111111111111111111100000111111111100001111101
0.0000000000000000e+00;1111110000000000000011101111111000001100000000000000111111100000000000000
0.0000000000000000e+00;1111000000000000000011101111111000001100000000000000111111111111110000000
1.0204081632653060e-02;1111111111111000000011111111100000001111111000000001110000000000001111100
0.0000000000000000e+00;1111111111110000000011001110000000001111111111100000111000000000000000000
0.0000000000000000e+00;1111111111111000000001001100000000001111111111111100111111000000000000000
0.0000000000000000e+00;1111111111100000000011001111110000000000000000000000111111110000000000000
1.0204081632653060e-02;1111111111111000000011101111111111101111111111111100111111000000000000001
0.0000000000000000e+00;1111111111111111000011101111111000000000000000000000110000000000000000000
2.9456152193463154e-03;1111111111111100000011111111110000001111000000000000111100000000000111101
9.0161769072007458e-03;1111110000000000000011111111111000000000000000000001111111000000000111101
0.0000000000000000e+00;1111111100000000000001001111111111110000000000000000111111111100000000000
0.0000000000000000e+00;1100000000000000000011001111110000001111110000000000111111111100000000000
0.0000000000000000e+00;1111111111111111111111111111111111001111111111110010000000000000001111101
0.0000000000000000e+00;1111110000000000000001001100000000001111110000000001111111110000000000000
0.0000000000000000e+00;1111111111000000000001001110000000000000000000000011111111111000000000000
1.0204081632653060e-02;1111111111000000000001111111111111111111000000000000111111000000001111100
0.0000000000000000e+00;1111111111111100000001001111111111111111100000000000111111000000000000000
1.0204081632653060e-02;1111111111111100000001101111111000001111111111110001110000000000001000101
6.9054154132353121e-03;1110000000000000000011001111111111111111111000000000111111111111100000000
0.0000000000000000e+00;1111111111110000000011101111111111001111111000000001111111111111100000000
0.0000000000000000e+00;1111111100000000000011111110000000000000000000000000111100000000001111111
1.0204081632653060e-02;1111111111111111110011101111111000001111111111111000111100000000001111110
1.0204081632653060e-02;1111000000000000000011111110000000001111000000000000111111111111100000010
0.0000000000000000e+00;1111111111100000000011001111111111001100000000000000111111111111100000010
1.0204081632653060e-02;1111000000000000000011101100000000001111111111111100111111111111110111110
1.0204081632653060e-02;1111110000000000000011111100000000001111111111100000111111111111100000011
0.0000000000000000e+00;1111111111100000000011111111111000001111100000000000111100000000001111111
1.0204081632653060e-02;1111111111000000000001111110000000001000000000000000110000000000001111111
0.0000000000000000e+00;1111111100000000000011001111111111001111000000000010111100000000000000000
0.0000000000000000e+00;1111110000000000000001001111111000001111100000000000111111111100000000000
1.0204081632653060e-02;1111111111110000000001111111111000000000000000000000111111100000001111100
0.0000000000000000e+00;1111111111100000000001001111111111110000000000000000111111111111100000000
0.0000000000000000e+00;1100000000000000000011111110000000001111111100000000111111111100001111101
1.0204081632653060e-02;1111111111111111100011101111111000001100000000000001111111100000000000011
1.0204081632653060e-02;1111111111111100000011111111111111111111111111111101111111000000000111000
1.0204081632653060e-02;1111111111110000000011111100000000001111111111111101110000000000001111101
1.0204081632653060e-02;1111111111100000000011000000000000001111110000000000111111111111100000000
1.0204081632653060e-02;1111111100000000000001101111111111110000000000000000111111111111110000010
0.0000000000000000e+00;1111111100000000000011111111111111001111000000000000111111110000000000000
0.0000000000000000e+00;1111111110000000000011111110000000001111111111100000111110000000001111101
0.0000000000000000e+00;1111111111100000000001001100000000001000000000000000111111110000000000000
0.0000000000000000e+00;1111000000000000000001001110000000001111111000000000111111000000000000000
0.0000000000000000e+00;1111111100000000000001111111111100001111111111110000111111110000000000000
0.0000000000000000e+00;1100000000000000000011001100000000001111000000000000111111111111110000000
0.0000000000000000e+00;1111111111110000000011111111111111111111110000000001000000000000001111101
4.4536783603161614e-03;1111111100000000000011111111111111111111111111111100111111111111100000000
0.0000000000000000e+00;1111111111111111100011001111111111001111111000000001111111110000001111101
0.0000000000000000e+00;1111111100000000000011001111111000001100000000000000111111000000000000000
1.0204081632653060e-02;1111111111110000000011111110000000000000000000000000111111111100000000001
0.0000000000000000e+00;1111111100000000000001111110000000001110000000000001111000000000000000000
0.0000000000000000e+00;1111111111111110000011111111111111001111111000000000111111000000001111101
8.8122522592846437e-03;1111111110000000000011101111111111110000000000000000111000000000000000000
1.0204081632653060e-02;1100000000000000000011111100000000001111111111111100111111000000000000001
0.0000000000000000e+00;1110000000000000000001111111111111000000000000000000111111111100000000000
6.5713703261378181e-05;1111111111110000000011001111111111000000000000000000111111100000001000000
1.0204081632653060e-02;1111111111100000000011111111111000001000000000000000111111111111100000001
1.0204081632653060e-02;1111111111111110000011101100000000001111111111100000111111111111000000000
0.0000000000000000e+00;1111111111111100000011001110000000001111100000000000111111111100000000000
1.0204081632653060e-02;1111111111111111111111111111111111111111000000000000111000000000000000001
0.0000000000000000e+00;1111111111110000000011001111111111110000000000000000111111111111000000000
0.0000000000000000e+00;1111111111111111000011111111111111111100000000000010111110000000001111101
0.0000000000000000e+00;1111111111111111111111111111111111000000000000000000100000000000001111101
0.0000000000000000e+00;1111111111111111111111111111111111111111111000000010110000000000001111101
8.4119594761756650e-03;1111111111111000000001001111111111001100000000000000111111110000001111100
1.0204081632653060e-02;1111111100000000000010001110000000001111111111110001111111111100000000001
1.0204081632653060e-02;1111111111111110000011111111111111001111000000000000110000000000001100100
0.0000000000000000e+00;1111111111100000000001001100000000000000000000000000111111111111000000000
0.0000000000000000e+00;1111100000000000000011111111111000001111111111110000111111100000000000000
0.0000000000000000e+00;1111111111110000000001001110000000001100000000000000111111111000000000000
0.0000000000000000e+00;1111111111000000000011111111111111111111111111111100000000000000001111101
0.0000000000000000e+00;1111100000000000000001101100000000000000000000000001111111111111110000000
1.0204081632653060e-02;1111111111111111100011111111111000001111111000000000111111100000001111101
0.0000000000000000e+00;1111111100000000000011001111111111101000000000000000111111100000000000000
2.1515164650657247e-03;1111100000000000000011101111111111110000000000000010111111111111000000000
6.5210560834906665e-03;1111111111111111000011111110000000000000000000000000111111100000000000000
0.0000000000000000e+00;1111110000000000000011001111110000001111111000000000111111110000000000000
4.4864360173515090e-03;1111111111111111111111111111111000001111111111000001111000000000001111101
1.0204081632653060e-02;1111111111100000000011111111111000000000000000000000110000000000000000010
1.0204081632653060e-02;1111110000000000000001111111111111111111111111111100111111000000000111111
0.0000000000000000e+00;1111110000000000000011111110000000001111111111111100111111111100001111111
1.0204081632653060e-02;1111111110000000000011111100000000000000000000000000111110000000000000011
0.0000000000000000e+00;1111111111111111100011001111111111001111111000000010111111100000000000010
0.0000000000000000e+00;1111111111000000000001111110000000001111110000000001110000000000000000000
0.0000000000000000e+00;1110000000000000000011001111111111111100000000000001111111111111100000000
0.0000000000000000e+00;1111111111100000000011111111111111000000000000000000111111000000000000000
0.0000000000000000e+00;1111100000000000000011001111111111111111100000000000110000000000000000000
1.0204081632653060e-02;1111111111111111110001001111111000000000000000000000111110000000000111100
0.0000000000000000e+00;1111111111111111100011111111111111111111110000000000000000000000001111101
1.0204081632653060e-02;1111111111000000000011111111111111001111111111100010111110000000001000000
0.0000000000000000e+00;1111000000000000000011001111111111001111111111110000111111111100000000000
0.0000000000000000e+00;1111111111100000000001101111111000001000000000000001111111000000000000000
8.5138989310632358e-03;1100000000000000000001110000000000001111110000000000111111111100001111101
1.0204081632653060e-02;1111000000000000000011111110000000001111111111100000111111111111100000001
1.0204081632653060e-02;1111111111111111110001111111111000001111111111111111111111000000001111101
1.0204081632653060e-02;1110000000000000000000001110000000000000000000000001111111111111110000000
1.0204081632653060e-02;1110000000000000000010001111111111000000000000000000111111111111110000001
1.0204081632653060e-02;1111111111000000000001101111111100001111110000000010111111111111100000001
0.0000000000000000e+00;1111111111110000000001101111110000001111111100000000111111100000000000000
0.0000000000000000e+00;1111111110000000000011111100000000001111100000000001111111100000000000010
1.0204081632653060e-02;1111111111111111100001001111111111111111111111111100110000000000001111111
0.0000000000000000e+00;1111111111111111100011001111111000001111100000000000111111111100000000000
0.0000000000000000e+00;1111111111111100000011001110000000001111110000000000110000000000000000000
0.0000000000000000e+00;1110000000000000000001001111111000000000000000000000111111111111110000000
1.0204081632653060e-02;1111111111000000000001111100000000000000000000000000111111111111110111000
0.0000000000000000e+00;1111111111111100000001001110000000001111100000000010111111100000000000000
1.0204081632653060e-02;1111111000000000000011101110000000001111000000000000111111111100001111100
0.0000000000000000e+00;1111000000000000000011101111111111101111111111110000111111000000000000000
1.1792304868915766e-03;1111111110000000000011111100000000001000000000000000111111111100001000001
1.0204081632653060e-02;1111111111111111000011111111111111111111111111111101111100000000001111101
0.0000000000000000e+00;1111111111111111000011111111111111111111100000000001111110000000001111101
1.0204081632653060e-02;1111111111111111110001111111111000001111111111110001111100000000001111100
1.0204081632653060e-02;1111111111100000000011101100000000001111111000000000111111111111110000001
0.0000000000000000e+00;1111111100000000000001001110000000001100000000000001111111111111110000000
0.0000000000000000e+00;1111100000000000000011001110000000000000000000000001111111111000000111000
8.3859401908547033e-03;1111111111111100000011111111111111000000000000000000111000000000001000001
0.0000000000000000e+00;1111111100000000000011111111111111111111110000000000111111000000001111101
2.7466274320929428e-03;1111111111110000000011111111111111111111111111111100100000000000001111001
0.0000000000000000e+00;1111111111100000000011111111111111001111111111111101111110000000001111101
0.0000000000000000e+00;1111111111000000000011111111111111111111111111110001111111111111001111101
8.2133181553439467e-03;1111111111111000000011111111111111001111100000000000111111111100000000000
1.0204081632653060e-02;1111111111111111000001001110000000001111111111100000111111111100000111101
1.0204081632653060e-02;1111100000000000000011111100000000001111111100000000111111000000000000000
0.0000000000000000e+00;1111111000000000000011001110000000000000000000000000111111111100000000000
0.0000000000000000e+00;1111111100000000000001001110000000001111110000000001111111111111110000000
0.0000000000000000e+00;1111111111100000000011001110000000000000000000000000111111111111000000000
0.0000000000000000e+00;1111111111111100000011111111111000001111111111111110111110000000001111101
0.0000000000000000e+00;1111100000000000000011001111111000000000000000000000111100000000000000000
1.0204081632653060e-02;1111111111000000000011000000000000000000000000000000110000000000000000000
0.0000000000000000e+00;1111110000000000000011001111111000001111111111000000111111111100000000000
8.2455429630310818e-03;1111111111111110000011111110000000001111111100000000111111100000000000000
0.0000000000000000e+00;1111110000000000000011001110000000001111111111110001111111111111000000000
0.0000000000000000e+00;1111111111111111000011111111111111111111111111111110111111111100001111101
0.0000000000000000e+00;1111000000000000000011111100000000000000000000000000111111111100001111101
0.0000000000000000e+00;1111111111100000000011111111111111000000000000000000111111000000000000000
0.0000000000000000e+00;1111111100000000000011111111111000001111111111100000110000000000001111101
0.0000000000000000e+00;1111111111111100000011001111111111110000000000000001111111000000000111000
1.0204081632653060e-02;1111111111111111110011111111111111001111111000000011111100000000001000001
4.2612013975230779e-03;1111111111100000000011111111110000001100000000000000110000000000001000001
0.0000000000000000e+00;1111111111000000000011001111111111111111111000000000111111111111100000000
0.0000000000000000e+00;1111111111100000000001001100000000000000000000000000111111111111000000000
0.0000000000000000e+00;1111111000000000000011001110000000000000000000000000111111111100000000000
0.0000000000000000e+00;1111111111110000000001001111111111000000000000000000111111100000000000000
0.0000000000000000e+00;1111111110000000000010001111111111001111111100000010111111111111110111101
0.0000000000000000e+00;1111111111100000000011111111111111001111100000000001111111100000001111101
0.0000000000000000e+00;1111111111000000000011001111111111001111100000000000111000000000000000000
1.0204081632653060e-02;1111111111111111100011111111111100001110000000000000110000000000000000000
6.6898338281976503e-03;1111111111111111100011101111111111000000000000000000111111111111000000000
0.0000000000000000e+00;0000000000000000000011001110000000001111100000000000111111111111000000000
0.0000000000000000e+00;1111110000000000000011101111111111000000000000000000111111111111110000000
0.0000000000000000e+00;1111111111111000000011001111111111001111111111111000111111111111000000000
0.0000000000000000e+00;1111111111100000000011101111111111000000000000000000111111111111100000000
0.0000000000000000e+00;1111111111110000000011111111111111001111111000000000111111000000001111101
0.0000000000000000e+00;1111111100000000000011111111111111001111111111100000111111000000001111101
0.0000000000000000e+00;1111111111111100000011111111111111001100000000000000110000000000000111101
7.7011647427021462e-03;1111111111111111110011001111111111001111111111100000111111111100000000000
0.0000000000000000e+00;1111000000000000000011101111111000000000000000000000111111111100000000000
0.0000000000000000e+00;1111111110000000000001111111111000001111100000000000000000000000000000000
0.0000000000000000e+00;1111111111110000000011111111111000001111000000000000111100000000001111101
0.0000000000000000e+00;1111111111100000000011001111111000001111000000000000111111111100000000000
0.0000000000000000e+00;1111111111110000000011111111111111001111111111111100111110000000001111101
1.0204081632653060e-02;1111111110000000000011111100000000001111100000000001111111100000001111110
0.0000000000000000e+00;1111111111111100000001001111111111111111111111111000111111000000000000000
1.0204081632653060e-02;1111111111111111100011101111111111111100000000000011000000000000000000001
0.0000000000000000e+00;1111111111111111100011001111111000001111110000000000110000000000000000000
4.0233167511717956e-03;1111110000000000000011111110000000001111100000000000111111100000001111101
1.0204081632653060e-02;1111111111100000000001111110000000001111111111111000110000000000001111100
0.0000000000000000e+00;1111111111111000000011111111111111111111111111100001111100000000001111101
1.0204081632653060e-02;1111111110000000000011111111111111111111111111100001111100000000000000000
0.0000000000000000e+00;1111111111100000000011001111111111111100000000000001111000000000000000000
0.0000000000000000e+00;1111111111000000000011001111111000001111100000000000111111111111000000000
0.0000000000000000e+00;1111111100000000000011101111111100000000000000000000110000000000000000000
0.0000000000000000e+00;1111110000000000000001001111110000000000000000000000111111111111110000000
1.4808883958458315e-03;1111111111111111111000001111111111110000000000000000111000000000000000000
1.0204081632653060e-02;1111111111100000000011111110000000001111111111110000111111000000000111100
0.0000000000000000e+00;1111111000000000000011001111111111111111111000000000111111000000000000000
8.0385372795492311e-03;1111111111111000000011111110000000001111110000000000111000000000001000001
1.0204081632653060e-02;1111111111111111100000001111111000001111111111111000110000000000000111100
5.1267454159390760e-03;1111111111000000000010001100000000001111110000000000111111111100000000000
4.3346905848623638e-03;1111111110000000000011101110000000001111100000000000111111111100000000000
0.0000000000000000e+00;1111111000000000000011101111111111110000000000000000111111111000000000000
0.0000000000000000e+00;1100000000000000000001000000000000001110000000000001111111111100000000000
0.0000000000000000e+00;1111111111111111000011001111111000000000000000000000110000000000000000000
1.0204081632653060e-02;1111111111100000000011111111111111111100000000000000111111100000001000000
7.8346120599051099e-03;1110000000000000000011001110000000001111111111111001111111111111110000000
1.0204081632653060e-02;1110000000000000000011001100000000001111110000000000111111100000000000001
0.0000000000000000e+00;0000000000000000000011001111111000000000000000000001111111111111110000000
1.0204081632653060e-02;1111111111111100000011111111110000001100000000000000111111100000000000001
0.0000000000000000e+00;1111111111000000000011111100000000001111111000000010110000000000000000001
1.0204081632653060e-02;1111111111100000000001101111111111001111111111100000111111100000001000011
9.2445394441911886e-03;1111111111111111000011101111111000001111111111100000111111000000001111010
2.3143436775457868e-03;1111111111111111000001101111111000001110000000000001111111111111000000010
1.4336403238138420e-03;1111111111000000000011111111111111111111000000000000110000000000001111111
1.0204081632653060e-02;1000000000000000000000001111111111111111100000000001111111111111100000010
9.0588523085233970e-03;1111100000000000000011111100000000001111111111100000111111111100000000011
0.0000000000000000e+00;1111111111111100000011101110000000001110000000000000111111100000000000000
2.4923668158576343e-03;1111111111111110000011001111111111000000000000000000111111111100000000010
0.0000000000000000e+00;0000000000000000000011001111111111000000000000000000111111111111100000000
1.0204081632653060e-02;1111111110000000000011111111111000001110000000000000110000000000000000001
1.0204081632653060e-02;1111111111100000000001111111111111111111111111110000111111111100001111101
0.0000000000000000e+00;1111111111000000000001101110000000000000000000000000111110000000000000000
1.0204081632653060e-02;1100000000000000000011101110000000001111111111110000111111111111110000000
7.2221794869165457e-03;1111111111111110000011001110000000001111110000000010111111100000000000010
1.0204081632653060e-02;1111111111100000000011111111111111101111111000000000111111111100000000001
0.0000000000000000e+00;1111111111111000000011101110000000000000000000000000111111100000000000000
0.0000000000000000e+00;1111000000000000000011110000000000000000000000000000111111000000001111101
0.0000000000000000e+00;1111110000000000000011001110000000001111111111110000111111111111100000000
0.0000000000000000e+00;1111000000000000000001111111111000000000000000000001111111111111110000000
1.0204081632653060e-02;1111000000000000000011111111111000001111111111111000111111111111000000000
0.0000000000000000e+00;1111110000000000000011101111111000001111111111100000111111111111000000000
0.0000000000000000e+00;1111000000000000000001001110000000001111111111000000111111000000000000000
1.0204081632653060e-02;1111110000000000000011111100000000001111110000000000111111110000000000000
0.0000000000000000e+00;1111111111111100000001001111111111001111111111111001111111100000000000000
1.0204081632653060e-02;1111100000000000000011001110000000000000000000000000111111111111001111100
0.0000000000000000e+00;1111110000000000000011111110000000001111111111111100111000000000001111101
1.0204081632653060e-02;1111111111111110000010001111111111001111111111110000111111000000000000001
0.0000000000000000e+00;1111111111000000000011111111111111111111111111111100110000000000001111101
0.0000000000000000e+00;1111111111000000000011111111111111110000000000000000110000000000001111101
0.0000000000000000e+00;1111111111111110000011001111111111101111111111111000111111111100000000000
0.0000000000000000e+00;1111111111111100000011111111111111110000000000000000111111110000001111101
9.5249880051434185e-03;1111111111111110000011001111111111111111111111110010111111110000001111101
0.0000000000000000e+00;1111111100000000000001001110000000001111111000000000111000000000000000000
0.0000000000000000e+00;1111111111000000000011111111111111111111111000000000110000000000001111101
4.1214324974189268e-03;1111111111111100000010001110000000000000000000000000111111100000000111000
1.0204081632653060e-02;1111111111111100000011101110000000001111100000000000111111111100001111011
2.7284213648164652e-03;1111111111000000000011111111000000001111111111000011111111111100001111101
0.0000000000000000e+00;1111111100000000000011111111111000001110000000000001111111000000001111101
0.0000000000000000e+00;1111111111100000000011111111111000001111111111111100111100000000001111101
1.0204081632653060e-02;1111111100000000000011111111111100001111111111111100111111000000000000001
0.0000000000000000e+00;1111111111000000000011111110000000001111111000000000111000000000000111101
1.0204081632653060e-02;1111111111111111110011111111110000001111111111110001111000000000001000000
0.0000000000000000e+00;1111111111111111111011001111111111001111111100000000111111111100000111000
1.0204081632653060e-02;1111111111111110000011111111111111101111110000000000110000000000001111101
0.0000000000000000e+00;1111111111111000000001101110000000001111111110000000111111000000000000000
0.0000000000000000e+00;1111111111111110000001001111111000001111111111111101111111111100000000000
0.0000000000000000e+00;1111000000000000000011101111111111110000000000000000111111111111100000000
0.0000000000000000e+00;1111111111100000000001101111111111110000000000000000111100000000000100000
0.0000000000000000e+00;1111111111111110000001001111000000001111111111111000111111111100000000000
0.0000000000000000e+00;1111111110000000000011001111111111001111111111000000111111111111001000000
0.0000000000000000e+00;1111111111111100000001001110000000001110000000000000111111100000000111000
0.0000000000000000e+00;1111111110000000000011111110000000001111100000000000111000000000001000001
1.0204081632653060e-02;1111111111111111110011111111111000000000000000000000111110000000000000001
1.0204081632653060e-02;1111111111000000000011101111111111000000000000000000111111110000001111101
0.0000000000000000e+00;1111111111111100000011001111111111111111111111110000111111111111110000000
7.5100719304199860e-03;1111111111110000000011111111111000001111111111110000110000000000001111101
0.0000000000000000e+00;1110000000000000000011000000000000001110000000000000111111111100000000000
0.0000000000000000e+00;1111111111111100000011111111111000001111100000000000000000000000001111101
0.0000000000000000e+00;1111111111000000000001101111111000000000000000000000111111110000000111100
0.0000000000000000e+00;1111111100000000000011111110000000001111000000000000111111100000000000000
0.0000000000000000e+00;1100000000000000000001001000000000000000000000000000111111111111000000000
0.0000000000000000e+00;1111111111111110000011111111111111000000000000000000111111000000001111101
0.0000000000000000e+00;1111111111111110000011101110000000001110000000000001111111000000000000000
0.0000000000000000e+00;1111111100000000000001001111111111110000000000000000111111111111110000000
0.0000000000000000e+00;1111111111111111110011101111111111111100000000000000110000000000000000000
5.4194403643130955e-03;1111111111100000000011101111111100000000000000000000111111111100000111101
0.0000000000000000e+00;1111111111110000000011111111111111110000000000000000111111000000001111101
1.0204081632653060e-02;1111111111111111100001111111111111111111111111111101111111000000001110100
0.0000000000000000e+00;1111111111111100000001001111111000001111110000000001111111111100000000000
0.0000000000000000e+00;1111111111111111110011101110000000001111110000000001111111000000000000000
0.0000000000000000e+00;1111111111100000000011111111111111111110000000000000111100000000000111101
0.0000000000000000e+00;1111111111100000000001101111111000001110000000000000111111111111001111000
5.0481798666051313e-03;1111111111111110000001001100000000001111111111111101111111111111000000000
5.2597662249714398e-03;1111111000000000000011111111111111001111111111111100111111111111100000000
0.0000000000000000e+00;1111111111100000000001101100000000000000000000000000111100000000000000000
6.3225656985262044e-03;1111111111111111110011111111111111000000000000000000111111100000000000000
0.0000000000000000e+00;1111111111111000000011001110000000000000000000000000111111000000000000000
0.0000000000000000e+00;1111111111000000000001000000000000001111111111111001000000000000000111000
0.0000000000000000e+00;1111000000000000000011001110000000000000000000000000111111111111110000000
1.0204081632653060e-02;1111111111000000000011101100000000001100000000000000111111100000000000010
0.0000000000000000e+00;1111111111000000000001001111111111001111110000000000111111000000000111000
1.0204081632653060e-02;1111111111111000000011111111111000000000000000000000111111111000000000000
