%eval_id interface              L              w              t              p              E              X              Y           mass         stress   displacement 
1            NO_ID    5.272234378    2.067731825    1.753485974            500       29000000            350            500     5.53117607     75198.0064  0.00101499072 
2            NO_ID    5.720219415      1.8535592    1.901621976            500       29000000            350            500     5.83404269      76900.249  0.00125791306 
3            NO_ID    5.213337436    2.036558342    1.971481704            500       29000000            350            500     6.05663928     63582.2087 0.000748892043 
4            NO_ID    5.101100988    1.844964413     2.29415595            500       29000000            350            500     6.24742596     57786.7731 0.000605543209 
5            NO_ID    3.796258635    2.491353394    1.900315181            500       29000000            350            500     5.20047524     51149.5224 0.000238293085 
6            NO_ID    5.474252151    1.973654348     2.08510736            500       29000000            350            500     6.51854369     60817.0088 0.000802451826 
7            NO_ID    4.852739569    2.185390047    1.820286985            500       29000000            350            500     5.58575748     65585.5789 0.000664703008 
8            NO_ID    4.927378894     1.98924836     2.07261234            500       29000000            350            500     5.87826706     60712.0981 0.000585078391 
9            NO_ID    5.002142087    2.165935015    1.963501513            500       29000000            350            500     6.15543788     58724.3953 0.000607349856 
10           NO_ID    5.899968218     2.04590983    2.215864973            500       29000000            350            500     7.73937196     52505.4008 0.000823332526 
11           NO_ID    4.083071007    1.906027049    1.918865692            500       29000000            350            500     4.32102557     72871.0185 0.000427423167 
12           NO_ID    4.889479818    2.157043228    2.224722417            500       29000000            350            500     6.78927818      48387.657 0.000423177236 
13           NO_ID    4.689794288    1.654335362    2.054557833            500       29000000            350            500     4.61234711     80306.5087 0.000729643606 
14           NO_ID    4.967091273    2.259312891    2.011752966            500       29000000            350            500     6.53250028     53259.1277 0.000525468258 
15           NO_ID    4.871428642    1.906769811    2.274189809            500       29000000            350            500     6.11234118     55818.5228 0.000501668761 
16           NO_ID    5.192078016    1.983112178    1.846376172            500       29000000            350            500     5.50091512     73294.9296 0.000904530269 
17           NO_ID     4.82512801    2.022957224    1.849429174            500       29000000            350            500     5.22347487     71103.4912 0.000701427248 
18           NO_ID     5.50993797    2.175540499    2.064271246            500       29000000            350            500     7.15989925      53854.944 0.000712577082 
19           NO_ID    4.549965613    2.061004692    2.180011047            500       29000000            350            500     5.91523572     53306.3303  0.00038642643 
20           NO_ID    5.011457773    1.817358434    1.993797767            500       29000000            350            500     5.25426579     73416.0253 0.000787984309 
21           NO_ID    3.929639563    2.343970075    2.020568109            500       29000000            350            500     5.38523353     50265.4313 0.000243959163 
22           NO_ID    4.761807257    2.020899677    1.403604116            500       29000000            350            500     3.90829616     111984.759   0.0014064232 
23           NO_ID    4.304079568     1.83611613    2.019539985            500       29000000            350            500     4.61805562     70904.1899 0.000476451279 
24           NO_ID    4.368862373    1.806329761    2.055454463            500       29000000            350            500     4.69352923      70622.966 0.000494809731 
25           NO_ID    4.954595392    2.133162127    2.065655768            500       29000000            350            500     6.31707852     55301.1327 0.000533650441 
26           NO_ID    5.878482771    1.978888247    1.799819367            500       29000000            350            500     6.05817348     76594.9053   0.0014031635 
27           NO_ID    5.651412394    1.998820875    1.854490049            500       29000000            350            500      6.0615215     71984.4482  0.00114002868 
28           NO_ID    5.456421679    1.632135902    1.954809298            500       29000000            350            500     5.03726625     88428.8152  0.00130226755 
29           NO_ID    6.207451486    2.182139247    1.843847018            500       29000000            350            500     7.22681514     64356.1948  0.00134813219 
30           NO_ID    5.531809526    2.161766776    2.068975467            500       29000000            350            500     7.15908737      54138.481 0.000724340434 
31           NO_ID    5.057450779    2.016740249    1.746646154            500       29000000            350            500     5.15481197     78320.4257 0.000937635967 
32           NO_ID    5.122705833    2.145110522    1.649087307            500       29000000            350            500     5.24347264     79100.4602  0.00104293089 
33           NO_ID    5.202938562     1.96269558    1.757270091            500       29000000            350            500     5.19237949      80520.777  0.00104580774 
34           NO_ID    5.701229205    1.792952681    2.356651526            500       29000000            350            500     6.97042028     57846.9584 0.000854619066 
35           NO_ID    4.364601472    1.796080715    1.841304462            500       29000000            350            500     4.17659454     84619.9267 0.000634890996 
36           NO_ID    5.268453855     2.03373473    2.042493532            500       29000000            350            500     6.33234316     60217.6737 0.000712414825 
37           NO_ID    4.720662874    2.002112131    1.983978904            500       29000000            350            500     5.42568654      64474.058 0.000563076338 
38           NO_ID    4.765765638     1.80869377    1.738154841            500       29000000            350            500     4.33523309     91832.7008 0.000935890365 
39           NO_ID    4.415617391    2.054654622     2.28006695            500       29000000            350            500     5.98555092     49902.7777 0.000321871404 
40           NO_ID    4.848732874    1.587772823     1.97401684            500       29000000            350            500     4.39737742     90685.6403  0.00094836576 
41           NO_ID    3.669753616    2.053191062    1.665936453            500       29000000            350            500      3.6320429     82549.3001 0.000395327777 
42           NO_ID    4.541543701    1.642176911    1.907222922            500       29000000            350            500     4.11577062      91052.374 0.000779868783 
43           NO_ID    5.691783867    2.247435882    1.939034557            500       29000000            350            500     7.17707568     56944.5152 0.000875172119 
44           NO_ID    5.033280006    1.917379738    1.780946377            500       29000000            350            500     4.97320469     81403.9668 0.000948521909 
45           NO_ID    5.676941677    1.834051497    2.164122311            500       29000000            350            500      6.5197963     63773.6965 0.000947816709 
46           NO_ID    5.629393334     2.07561908    2.320612839            500       29000000            350            500     7.84581757     47844.0495 0.000630246316 
47           NO_ID    5.415944823    1.790722911    1.914629289            500       29000000            350            500     5.37295973     79904.8371  0.00111645501 
48           NO_ID    4.952762928    2.159516262    1.790638396            500       29000000            350            500     5.54163832     68473.7495 0.000749955065 
49           NO_ID      4.6320149    2.084320822    2.095327267            500       29000000            350            500     5.85345987      55852.828 0.000437854555 
50           NO_ID    5.912641919    2.232600691    2.348625144            500       29000000            350            500     8.97082955     42298.6994 0.000623440404 
51           NO_ID     4.44961408     1.91948906    1.796298681            500       29000000            350            500     4.43928272     80167.0975 0.000640555682 
52           NO_ID    4.947467458    1.820869892    1.959969788            500       29000000            350            500     5.10901884     75204.3594 0.000784362273 
53           NO_ID    5.143874942    2.129001105    2.132818854            500       29000000            350            500     6.75844098     52699.5496 0.000555356076 
54           NO_ID    4.758037709    1.948486056    1.610822958            500       29000000            350            500     4.32114917     93675.5241  0.00101118061 
55           NO_ID    5.247956415    1.922962136    1.718163736            500       29000000            350            500     5.01708856     85900.3147  0.00117072466 
56           NO_ID    5.517999909    2.147585156    1.685843215            500       29000000            350            500     5.78063477     76160.0219  0.00122639185 
57           NO_ID    4.868445778    1.755009293    2.235146656            500       29000000            350            500     5.52588761     64719.8773 0.000614387503 
58           NO_ID    5.608441976     1.66576375    1.983303517            500       29000000            350            500     5.36131205     83945.2154  0.00131893682 
59           NO_ID    4.747539479     1.61657609    1.868172326            500       29000000            350            500     4.14866088     96187.0312 0.000958446947 
60           NO_ID    5.053344416    2.027243298    1.952520989            500       29000000            350            500     5.78770984     64987.6669 0.000703189741 
61           NO_ID    5.332930799    2.196267803     1.95416856            500       29000000            350            500     6.62276784     58047.9593 0.000729651722 
62           NO_ID    5.116106764    2.012084841    2.073367982            500       29000000            350            500     6.17573343     59701.3118 0.000641635426 
63           NO_ID    4.735236337    2.243999522    1.801189999            500       29000000            350            500     5.53796508      64361.173 0.000612576004 
64           NO_ID    4.773780137    1.945157844    2.039679267            500       29000000            350            500     5.48031359     64282.9134 0.000573596552 
65           NO_ID    5.539947839    1.828644712    2.220281271            500       29000000            350            500      6.5083256     61564.2025 0.000841871302 
66           NO_ID    4.994126218    2.122346662    1.462525959            500       29000000            350            500     4.48544656     97961.6323  0.00136345841 
67           NO_ID    3.725341409    2.030431742    2.169739255            500       29000000            350            500     4.74884819     54861.2715 0.000220091459 
68           NO_ID    4.845483677    2.155649577    1.784433336            500       29000000            350            500     5.39314246     69031.9072  0.00071044667 
69           NO_ID    5.236381967    2.151414582    1.968044285            500       29000000            350            500     6.41529393     59055.5302 0.000699767503 
70           NO_ID     5.98583033     2.11739479    1.895236877            500       29000000            350            500     6.95049935      64159.558  0.00117651049 
71           NO_ID    4.719424732     2.11833167    1.722795986            500       29000000            350            500     4.98359958     74879.7504 0.000737527901 
72           NO_ID    4.944229626    2.178697149    2.057630505            500       29000000            350            500      6.4134122     54023.9019 0.000517738083 
73           NO_ID    4.398941053    2.102061204    1.711108623            500       29000000            350            500     4.57822724      76518.756 0.000614485762 
74           NO_ID    4.668784259    1.799658698    2.245431686            500       29000000            350            500     5.45908767      61938.315 0.000509481121 
75           NO_ID     4.70059729    2.123481421    2.275855523            500       29000000            350            500      6.5731337     47739.5659 0.000367190904 
76           NO_ID    5.245547162    1.746611678    1.876305822            500       29000000            350            500     4.97412904      85476.428  0.00110911529 
77           NO_ID    5.507097443    2.024241877    2.329420716            500       29000000            350            500     7.51379541     49313.8053 0.000613857096 
78           NO_ID    6.545595427    2.064324988    2.027965161            500       29000000            350            500     7.92891906     59636.1902   0.0013556799 
79           NO_ID    4.714535401    1.851437371    2.124689131            500       29000000            350            500     5.36623379     64728.0284 0.000553505039 
80           NO_ID    5.186553057    2.282059292    1.911197783            500       29000000            350            500     6.54542194     57089.0009 0.000672852168 
81           NO_ID    4.512003447    2.043741964     2.14075906            500       29000000            350            500     5.71201767     55515.6738 0.000398375736 
82           NO_ID    5.543853322    1.737328089    2.016150347            500       29000000            350            500     5.61878939     76989.9133  0.00113422527 
83           NO_ID    5.286165836    1.848236727    1.824702683            500       29000000            350            500     5.15842068     82441.3926  0.00109828645 
84           NO_ID    4.240387316    1.560633056    2.269476616            500       29000000            350            500     4.34568564     75314.3386 0.000514934934 
85           NO_ID    4.254191814    2.047672274     1.63266653            500       29000000            350            500     4.11529785      85638.571 0.000652176616 
86           NO_ID    5.231963841    2.222921263    2.029536313            500       29000000            350            500     6.82986165     53704.3841 0.000615376961 
87           NO_ID    5.397269551    2.120467276    1.511707236            500       29000000            350            500     5.00610138     92804.0904  0.00157108366 
88           NO_ID    4.586427903    1.878664528    2.021401121            500       29000000            350            500     5.03967551     68516.4114 0.000551923969 
89           NO_ID    4.908301316    2.049050643     2.01797966            500       29000000            350            500     5.87255319     60738.4564 0.000585382938 
90           NO_ID    5.071363863    2.138133734    2.034469757            500       29000000            350            500     6.38318074     56477.4362 0.000591479232 
91           NO_ID    5.081930622    1.904826889    1.995288035            500       29000000            350            500     5.58876836      68566.832 0.000754282677 
92           NO_ID    5.405601627    2.272847197    1.749523054            500       29000000            350            500     6.21956787     66359.1502 0.000968954673 
93           NO_ID    5.637940796    1.893305221    1.972949945            500       29000000            350            500     6.09373378      70400.482  0.00106770364 
94           NO_ID    4.570765158    2.153628128    2.243582426            500       29000000            350            500     6.39039817     47854.3342 0.000340045531 
95           NO_ID    4.913149877    2.074224341    2.117503316            500       29000000            350            500     6.24404615     55307.1866  0.00051409197 
96           NO_ID    5.013267394    2.190671404    1.816259217            500       29000000            350            500     5.77167949     65606.1886  0.00073469239 
97           NO_ID    4.782341488    1.734139101    1.877789643            500       29000000            350            500     4.50606778     86249.9394 0.000849892701 
98           NO_ID    4.885234227    2.115153493    2.086696432            500       29000000            350            500     6.23896889     55067.7243 0.000506246926 
99           NO_ID    5.478096536    1.548902178    2.056591423            500       29000000            350            500      5.0492626     88355.3484  0.00133662411 
100          NO_ID    4.982431544    1.929018338    1.870698675            500       29000000            350            500     5.20244864     74608.0622 0.000808701754 
101          NO_ID    5.200576666    2.011079792    1.767074109            500       29000000            350            500     5.34763596     77156.6527 0.000993658555 
102          NO_ID    5.467577337    1.768521531    2.299668877            500       29000000            350            500     6.43423413     61272.6737 0.000812082444 
103          NO_ID    4.938851716    2.314667177    1.715312852            500       29000000            350            500     5.67393228     66900.6759 0.000761939836 
104          NO_ID     4.87674701    1.775144655    2.213648356            500       29000000            350            500     5.54496584     64593.4912 0.000614020095 
105          NO_ID    4.113872828    1.958049386    2.206731139            500       29000000            350            500     5.14339873     56284.0906  0.00030535093 
106          NO_ID    5.177408043    2.236255442       2.351174            500       29000000            350            500     7.87670973     42128.2157 0.000416374845 
107          NO_ID    5.371303351    2.167536496    1.875889776            500       29000000            350            500     6.31945581     63159.0086 0.000843371862 
108          NO_ID    5.378321935    2.239660825    1.868254122            500       29000000            350            500     6.51165321     60785.4659 0.000817168198 
109          NO_ID    5.006353501    1.884535613    1.894775341            500       29000000            350            500     5.17261139     75547.6502 0.000826934842 
110          NO_ID    5.424835169    2.541496932    2.217856952            500       29000000            350            500     8.84781298     38656.4983 0.000449999476 
111          NO_ID     5.00489238    1.892028333    1.993356721            500       29000000            350            500      5.4617733     69333.8926 0.000730627344 
112          NO_ID    5.199312159    2.274901754    1.930102477            500       29000000            350            500     6.60564412     56423.4779 0.000663586908 
113          NO_ID    5.400644615    1.703416676    1.934255416            500       29000000            350            500     5.14880664     84489.6361  0.00118714055 
114          NO_ID    3.899354128    1.985324946      2.1583028            500       29000000            350            500     4.83462639     57124.4114  0.00026586783 
115          NO_ID    4.855107241    1.869131783     2.28625707            500       29000000            350            500     6.00330042      56998.004 0.000511675098 
116          NO_ID    4.447432272    2.045097047    2.159635915            500       29000000            350            500     5.68368594     54701.2091 0.000373618978 
117          NO_ID    5.819311795    2.095723961    1.588275887            500       29000000            350            500     5.60477154     86850.0734  0.00174450321 
118          NO_ID    5.377012606    2.224054548    2.005316264            500       29000000            350            500     6.93897993     54714.8343 0.000687829386 
119          NO_ID    5.149468652    1.701028745     2.03895694            500       29000000            350            500     5.16783206     78017.1429 0.000926290968 
120          NO_ID    4.630413326    1.910166515    2.123100468            500       29000000            350            500     5.43360169     61951.0203 0.000495171871 
121          NO_ID    5.175680549    1.859931967    2.139551723            500       29000000            350            500     5.95955151     63608.1646 0.000715475092 
122          NO_ID    5.393300306     2.16463943    2.341850763            500       29000000            350            500     7.91089555     44408.3642 0.000503100312 
123          NO_ID    4.439238964    1.992615523     1.90421677            500       29000000            350            500     4.87387834      69295.846 0.000520461711 
124          NO_ID    4.930757812    1.760340904    2.210597824            500       29000000            350            500     5.55196164     65530.2956 0.000647564271 
125          NO_ID    5.447176913    1.832153858    1.923160085            500       29000000            350            500     5.55360676     76801.6223  0.00108018612 
126          NO_ID    5.110286532    2.078630253    1.810889935            500       29000000            350            500     5.56596943     70850.2615 0.000844312172 
127          NO_ID    5.307431278    2.386488095    2.288399031            500       29000000            350            500     8.38690402      40117.546  0.00042874309 
128          NO_ID    5.492329499    1.970838998    2.046442741            500       29000000            350            500     6.40963937     62766.2584  0.00084751992 
129          NO_ID    4.641612229     1.75252481    2.310758647            500       29000000            350            500     5.43893519     61648.2611 0.000502371286 
130          NO_ID    5.585658606    1.933664348    2.111962819            500       29000000            350            500     6.60036591     61376.2625 0.000859595204 
131          NO_ID    5.098389431    1.956714973    2.048456305            500       29000000            350            500     5.91307713     63313.1135 0.000684897359 
132          NO_ID     5.75644295    2.083058337    2.078324346            500       29000000            350            500     7.21099558     56628.5573 0.000857429507 
133          NO_ID    6.258165193    2.148336912    2.156701931            500       29000000            350            500      8.3900743     51119.1091 0.000959863072 
134          NO_ID    4.515474784    1.887629849    1.699762598            500       29000000            350            500     4.19213049     89681.7304 0.000787596665 
135          NO_ID    3.849490981    2.004632178    2.085968521            500       29000000            350            500     4.65770545     59445.0643 0.000271303242 
136          NO_ID    4.653564731    2.202894704    2.364398247            500       29000000            350            500     7.01336421      42663.036 0.000306628916 
137          NO_ID    4.182219209     2.34881049    2.198283572            500       29000000            350            500      6.2483414     43746.2115 0.000237167842 
138          NO_ID    5.785710725    1.729886612    2.035772855            500       29000000            350            500     5.89562618     76316.2005  0.00127460851 
139          NO_ID    5.738323193    2.059666143    1.735949258            500       29000000            350            500     5.93670033     76849.7368  0.00135069688 
140          NO_ID     4.62557421    2.171370754    1.946358565            500       29000000            350            500     5.65651253     59354.3051 0.000489114066 
141          NO_ID    5.079357928    1.674179022    1.672089917            500       29000000            350            500     4.11430617     108899.483  0.00140836344 
142          NO_ID    5.769862667    2.103511498    2.144540216            500       29000000            350            500     7.53131526     53141.1519 0.000789652823 
143          NO_ID    5.034742757    1.964587484    1.772292964            500       29000000            350            500     5.07236431     79316.1468 0.000926225154 
144          NO_ID    4.644940572     2.41140009     1.88767047            500       29000000            350            500     6.11789308     54045.7451 0.000463661434 
145          NO_ID    5.227083968    1.931011557    2.078671685            500       29000000            350            500     6.07094804     63048.8465 0.000731231711 
146          NO_ID    4.897036676    1.894593099    1.924710662            500       29000000            350            500     5.16703051     73140.3103 0.000739629088 
147          NO_ID    5.165417623    1.782040064    1.959116766            500       29000000            350            500     5.21806508     77615.3733 0.000929133625 
148          NO_ID    4.153817229    2.049630534    1.936796734            500       29000000            350            500     4.77126212     64828.8973 0.000391436452 
149          NO_ID    4.606981775    1.865433456    2.417262547            500       29000000            350            500      6.0109947     52488.1298 0.000394967863 
150          NO_ID    4.940387026    1.498540496     1.91638521            500       29000000            350            500     4.10523982     103309.095  0.00119854854 
151          NO_ID    5.388952362    2.268857217    1.783292568            500       29000000            350            500      6.3089978     64454.6268 0.000913895845 
152          NO_ID    4.143023053      2.1506474    1.831203517            500       29000000            350            500     4.72116787     66392.4758 0.000416454967 
153          NO_ID    5.157135799    1.927761996    1.834372709            500       29000000            350            500     5.27686312      77053.231 0.000941181779 
154          NO_ID    5.952717418     2.03824031    2.208322103            500       29000000            350            500     7.75281353     53071.5309 0.000857762052 
155          NO_ID    4.425908274    2.100575296    1.848388382            500       29000000            350            500     4.97233246      67550.309  0.00051268521 
156          NO_ID    5.336848224    2.258050539    1.943919794            500       29000000            350            500     6.77833639       56345.75 0.000711987341 
157          NO_ID    4.525432884    1.926495123    2.146509336            500       29000000            350            500     5.41485823     60158.0695 0.000444434787 
158          NO_ID    5.113354568    1.676998012    1.949508771            500       29000000            350            500     4.83715402     85372.0291  0.00102148711 
159          NO_ID    4.561801618    2.209328074    2.119310894            500       29000000            350            500     6.18041365     50532.7174 0.000370304029 
160          NO_ID    5.064063061    1.976401424    1.941271758            500       29000000            350            500     5.62194854     67972.3183 0.000747459606 
161          NO_ID    4.834660751    1.780835873    2.059956359            500       29000000            350            500     5.13185275     71844.1642 0.000685954428 
162          NO_ID    4.634897338    2.328017484    2.316284284            500       29000000            350            500     7.23176797     40747.2208 0.000288768724 
163          NO_ID    5.563391046    1.811978877    1.719834566            500       29000000            350            500     5.01655592     93165.1026  0.00152314408 
164          NO_ID    5.167520663    2.005462401    1.891398307            500       29000000            350            500     5.67160541     69422.0711 0.000826150818 
165          NO_ID    4.374506252    1.815029991    1.768929829            500       29000000            350            500     4.06396275     88858.5433  0.00069007858 
166          NO_ID    4.692590967     1.84047285    1.777980186            500       29000000            350            500     4.44319423     86431.5023 0.000822878568 
167          NO_ID    4.976271371    1.724570957     2.09890892            500       29000000            350            500     5.21200691     73127.4834 0.000767716965 
168          NO_ID    4.064372202    1.825341868    2.104626222            500       29000000            350            500      4.5179241     67051.7197 0.000371705831 
169          NO_ID    5.038915422    1.881550715    1.898782639            500       29000000            350            500      5.2090019     75463.7576 0.000841261028 
170          NO_ID    5.450513224    2.456809108    2.119989106            500       29000000            350            500     8.21426494     43580.8531 0.000537971726 
171          NO_ID    6.126924661    1.719142675    2.296287985            500       29000000            350            500     6.99853406     64038.0373  0.00121917782 
172          NO_ID    4.680499747    2.409160392    1.642089616            500       29000000            350            500     5.35773293     68214.7218 0.000697080279 
173          NO_ID    4.875667383     1.99670943    1.988380718            500       29000000            350            500     5.60111834     64492.5654 0.000619907027 
174          NO_ID    4.672952959     1.91589658    1.866464782            500       29000000            350            500     4.83514539     75599.6761 0.000678203595 
175          NO_ID    4.556395618    2.370821317    2.257947057            500       29000000            350            500     7.05765248     41366.1749 0.000283143553 
176          NO_ID    5.217451394    1.951042971    2.093896666            500       29000000            350            500     6.16746592     61417.6112 0.000702463556 
177          NO_ID    4.790048022    1.980231224    2.003178081            500       29000000            350            500     5.49796027     64488.5286 0.000585750012 
178          NO_ID     6.08372594     2.21918896     2.42894442            500       29000000            350            500     9.48872299     40469.0182 0.000637277929 
179          NO_ID    4.842221799     1.87913023    2.040817567            500       29000000            350            500     5.37318765     67472.3091 0.000635724932 
180          NO_ID    4.614151058    1.418108523    1.858974523            500       29000000            350            500     3.51966216     117388.905  0.00116329464 
181          NO_ID    6.019628223    1.767047855    2.164892743            500       29000000            350            500     6.66316598     67290.3823  0.00121702915 
182          NO_ID    6.342273639    2.112992689     2.12581795            500       29000000            350            500     8.24318992     53543.1747  0.00106224933 
183          NO_ID    3.393123341    1.687765799    2.133434934            500       29000000            350            500     3.53522856     73607.9968 0.000246643925 
184          NO_ID    5.434556483    1.826938973    1.981392635            500       29000000            350            500       5.692263     73581.1061  0.00100896246 
185          NO_ID    3.981274987    1.947833374    1.708224862            500       29000000            350            500     3.83305704      85183.127  0.00050907378 
186          NO_ID    4.685378333    1.984156061    2.328908187            500       29000000            350            500     6.26468338     50780.8646 0.000393202584 
187          NO_ID    4.595947797    1.802372912    1.991938829            500       29000000            350            500     4.77443519     74402.2254 0.000618349497 
188          NO_ID    4.287137594      1.6812013    1.653130518            500       29000000            350            500     3.44762919     110240.204 0.000863941814 
189          NO_ID    4.708909843    1.920275461    1.975376542            500       29000000            350            500     5.16844699     68866.5161 0.000605431101 
190          NO_ID    5.762307958    1.691902057    1.560806486            500       29000000            350            500     4.40298302     119788.385  0.00238754028 
191          NO_ID    5.041935057    1.977634198    2.081224832            500       29000000            350            500     6.00466076     60821.0321  0.00062736318 
192          NO_ID    4.829162042    1.708868365    2.177049447            500       29000000            350            500     5.19846289     70072.3505 0.000666684914 
193          NO_ID     5.32794352    2.066399862    2.127544461            500       29000000            350            500     6.77764609     55189.6991 0.000652699746 
194          NO_ID    4.803658005    2.125231067    2.106630756            500       29000000            350            500     6.22290144     53878.9636 0.000466969452 
195          NO_ID    4.613261539    2.126765709    1.790396351            500       29000000            350            500     5.08280182     69936.8122 0.000619249595 
196          NO_ID    5.732253561    1.952630608    2.449689602            500       29000000            350            500     7.93382854     48086.0176 0.000673329451 
197          NO_ID    4.531214507    1.786795306    2.069127527            500       29000000            350            500     4.84733405     71006.1876 0.000555968359 
198          NO_ID     5.23856748    2.193099977    1.881556015            500       29000000            350            500     6.25481388     61844.4333 0.000763461768 
199          NO_ID    4.459265186    1.943234924    2.306385528            500       29000000            350            500     5.78291458     53134.5175 0.000360240746 
200          NO_ID    5.682047827    1.837422498    1.596052716            500       29000000            350            500     4.82155819     103066.175  0.00191524866 
201          NO_ID    4.859966394    2.077880409    1.968854492            500       29000000            350            500     5.75299109     61949.3168 0.000589594499 
202          NO_ID    4.497385702    1.854524236    2.238119916            500       29000000            350            500     5.40134933     59575.6825  0.00043090874 
203          NO_ID    4.882343057    1.950404643    2.025771807            500       29000000            350            500     5.58174257     64732.1771 0.000620303015 
204          NO_ID    5.302056198     1.87729893    2.070540052            500       29000000            350            500     5.96331377     66053.7912 0.000810191276 
205          NO_ID    5.498700279    2.019162928    2.143805079            500       29000000            350            500     6.88720442     56354.5765 0.000734173691 
206          NO_ID    4.545791967    2.081822989    1.912256689            500       29000000            350            500     5.23631557     64746.8306 0.000516839682 
207          NO_ID    4.502159325    2.035759106    1.852130911            500       29000000            350            500     4.91185109     70317.3987 0.000562355402 
208          NO_ID    5.123902821    2.251202152    2.149774651            500       29000000            350            500     7.17520946     48110.1939 0.000492110887 
209          NO_ID    5.068362415    2.159990118    2.192164039            500       29000000            350            500     6.94414437     49434.2421 0.000486479985 
210          NO_ID    5.132990676    2.439497267    1.921698082            500       29000000            350            500     6.96277296     51663.0586 0.000587382292 
211          NO_ID    4.935485899    1.770907966    2.129064481            500       29000000            350            500     5.38444553     68823.4038  0.00069013019 
212          NO_ID    5.263418456    2.255094829    2.102662565            500       29000000            350            500     7.22151898     49728.6927 0.000561536863 
213          NO_ID    4.482775436    2.138016928    2.168105074            500       29000000            350            500     6.01263326     51039.6564  0.00035130241 
214          NO_ID    4.215859787     1.75958614    2.263559369            500       29000000            350            500      4.8586414     63240.1323 0.000387515282 
215          NO_ID    4.923447128    2.184733614    2.260647014            500       29000000            350            500     7.03601555     46331.4494 0.000407518234 
216          NO_ID    4.030871673    2.007303242    2.026960645            500       29000000            350            500     4.74551708     62088.9448 0.000331965817 
217          NO_ID    4.479739303     1.99003065    1.607264196            500       29000000            350            500     4.14596893      91348.485 0.000824882282 
218          NO_ID    4.109401777    1.995936072    1.979381287            500       29000000            350            500     4.69765326     64994.8363 0.000375381925 
219          NO_ID    5.210402789    1.858735186    1.865091949            500       29000000            350            500     5.22655267     78988.3986 0.000989692901 
220          NO_ID    5.017893647    2.018021142    1.533116455            500       29000000            350            500     4.49209131     96882.8754  0.00129234234 
221          NO_ID    5.490290106    1.966693703    2.030794678            500       29000000            350            500     6.34489301      63722.266 0.000864644909 
222          NO_ID    4.521394996    1.873629178    2.004558782            500       29000000            350            500     4.91361531     69689.7665 0.000541247895 
223          NO_ID    4.989066186    2.172710313    2.491530543            500       29000000            350            500     7.81472271     40097.2454 0.000346387176 
224          NO_ID    4.316788617    1.890416573    2.001140989            500       29000000            350            500     4.72522238     68993.3346 0.000465423632 
225          NO_ID    5.359476261    1.896041881    2.024687802            500       29000000            350            500     5.95325671     67448.6234 0.000863217392 
226          NO_ID    4.749046873    1.897706818    2.172486008            500       29000000            350            500     5.66524672      60336.192 0.000515168567 
227          NO_ID    4.332811782    2.383242147    2.051670924            500       29000000            350            500     6.13016218      47925.427 0.000307045265 
228          NO_ID    5.283269432     2.14366309    1.827118791            500       29000000            350            500     5.98759393     66932.4373 0.000872625977 
229          NO_ID    5.089298408    2.109457322    2.107808402            500       29000000            350            500     6.54765906     54399.8074 0.000561450675 
230          NO_ID    4.675489923     2.19791479    2.083435188            500       29000000            350            500     6.19504175     52309.8761  0.00041893374 
231          NO_ID    4.559507069    1.941827664    2.046917955            500       29000000            350            500      5.2439106     64081.1588 0.000497291632 
232          NO_ID    6.034224926    2.227934315    2.314272842            500       29000000            350            500     9.00253259     43422.4181 0.000687649955 
233          NO_ID    5.659590224    2.098215393    1.927478343            500       29000000            350            500     6.62294014     63232.4645 0.000966418168 
234          NO_ID    4.993090382    2.399166017    1.896642182            500       29000000            350            500     6.57417711     53996.7648 0.000572464963 
235          NO_ID    4.865165952    2.076451673    2.141394894            500       29000000            350            500     6.25954139     54251.5464 0.000485592012 
236          NO_ID    4.266205917      1.9605658    2.251807169            500       29000000            350            500      5.4498017     54439.0203 0.000325600247 
237          NO_ID    4.661767354    2.054256133    2.009043209            500       29000000            350            500     5.56699373     60951.3333 0.000504760519 
238          NO_ID    5.254340027    1.531637058    1.976802715            500       29000000            350            500     4.60324017     95407.1362  0.00129886531 
239          NO_ID     4.97924536    1.935489175    1.776128258            500       29000000            350            500     4.95284645      80695.895 0.000911318317 
240          NO_ID    5.305980536    2.135938836    1.947626533            500       29000000            350            500     6.38684554     60661.1499  0.00075538933 
241          NO_ID    4.475482323    1.888801135     1.92131481            500       29000000            350            500      4.6994916     73663.8373 0.000569836926 
242          NO_ID    4.383235118     1.96815323    2.148009236            500       29000000            350            500     5.36186759     58274.8022 0.000387666666 
243          NO_ID    5.023582217    2.305045424     1.88893506            500       29000000            350            500      6.3290175     57399.9739 0.000621864315 
244          NO_ID    4.743208712    2.009083978    1.857957993            500       29000000            350            500     5.12309586     71258.3828 0.000665662427 
245          NO_ID    5.341972823    2.210228812     1.91575038            500       29000000            350            500      6.5449163     59422.4683 0.000764372575 
246          NO_ID    5.181173318    1.981855107    1.804374571            500       29000000            350            500      5.3610886     76125.0678 0.000952528178 
247          NO_ID    4.462816795    1.874602621    1.625908418            500       29000000            350            500      3.9358689     97290.8719 0.000859819881 
248          NO_ID     4.66603623    2.334820987    1.741794213            500       29000000            350            500      5.4906632     64468.4482 0.000609416167 
249          NO_ID    5.411505404    1.823133278    2.088781312            500       29000000            350            500     5.96287567     67962.7412 0.000893314045 
250          NO_ID    4.779237962    1.820093572    1.669767803            500       29000000            350            500     4.20276125     97081.7401  0.00103120438 
251          NO_ID    4.596801949    2.080533515    1.764376988            500       29000000            350            500     4.88256642     73816.0571 0.000656297917 
252          NO_ID    5.028008068    1.902001518    2.202440231            500       29000000            350            500     6.09448795     58873.2221 0.000591683504 
253          NO_ID    5.807098709    2.101366116    1.541820599            500       29000000            350            500     5.44403669     90900.1723  0.00187387954 
254          NO_ID    4.972730817    2.292172463    2.043123766            500       29000000            350            500     6.73849923     50916.1538 0.000496370302 
255          NO_ID    5.316849857    2.014021703    1.937794645            500       29000000            350            500      6.0041642     66384.8457 0.000842830624 
256          NO_ID    5.076616265    2.320572862    2.193943535            500       29000000            350            500     7.47861641     44632.8389 0.000434333165 
257          NO_ID    5.367755655     2.19967283    1.935451842            500       29000000            350            500     6.61240529     58832.5298  0.00076071255 
258          NO_ID     5.15352241    1.933036019    1.694393229            500       29000000            350            500     4.88410047       87225.57  0.00113981068 
259          NO_ID     5.32085181    2.179766274    2.372653784            500       29000000            350            500     7.96254188     43075.9077 0.000463585019 
260          NO_ID    4.621291156    2.242175825     2.38748221            500       29000000            350            500     7.15812713     40969.1883 0.000284782703 
261          NO_ID    4.820306191    2.088785877    2.229320981            500       29000000            350            500     6.49482446     50489.2626 0.000426881522 
262          NO_ID    5.257764006    1.777536833    1.892552945            500       29000000            350            500     5.11792599     82238.4847  0.00106199515 
263          NO_ID    4.135094377    2.248994181    1.733061897            500       29000000            350            500     4.66352273     68369.2407 0.000451093333 
264          NO_ID    4.052001779    1.839930031    2.049394549            500       29000000            350            500     4.42102304     69089.6996  0.00038371062 
265          NO_ID    5.578566164    2.091788095    1.730736786            500       29000000            350            500      5.8438299     75608.8017  0.00122427271 
266          NO_ID    4.862918676    2.111026609    2.232465813            500       29000000            350            500     6.63134767     49621.9836 0.000428818043 
267          NO_ID     5.09610596    2.041212143    1.999890977            500       29000000            350            500     6.01948283     61948.9774 0.000673519969 
268          NO_ID     3.94680117    2.470227205    2.134940182            500       29000000            350            500     6.02274015     42764.6336 0.000199046873 
269          NO_ID    5.644436515    1.872439913    1.808652697            500       29000000            350            500     5.53107986     82095.0184   0.0013371069 
270          NO_ID    4.895564069    2.108369492    1.949194855            500       29000000            350            500     5.82144749     61687.5902 0.000603907809 
271          NO_ID    4.799060833    1.992145809    1.852642107            500       29000000            350            500     5.12501539     72436.7906 0.000703412964 
272          NO_ID    4.959685942    2.105198738    2.478797659            500       29000000            350            500      7.4888412      42308.196 0.000365668499 
273          NO_ID    4.175168222     2.11400151    1.902542996            500       29000000            350            500     4.85892301     63904.2079 0.000396342362 
274          NO_ID    4.915638979    2.316842576    2.109679574            500       29000000            350            500     6.95215216     47637.4863 0.000435383757 
275          NO_ID    4.732360839    1.939886282    2.205040425            500       29000000            350            500     5.85729295     57113.7616 0.000473846235 
276          NO_ID    4.404114552    1.743465173    1.681417532            500       29000000            350            500     3.73571487     101951.693 0.000848212892 
277          NO_ID     5.13327617    2.002660282    2.242329281            500       29000000            350            500     6.67002665     53144.0578 0.000549684029 
278          NO_ID    4.325470279    2.039425832    1.964743504            500       29000000            350            500     5.01502816     63804.6221 0.000430296172 
279          NO_ID    5.223653394    2.300357519     1.87342279            500       29000000            350            500     6.51376006      58341.431 0.000716538631 
280          NO_ID      4.3401053    1.745694949    1.829575685            500       29000000            350            500     4.01093171     89004.0595 0.000665232999 
281          NO_ID    4.658703729    2.001215351    1.990730872            500       29000000            350            500     5.37028996     64167.2386 0.000537277987 
282          NO_ID    5.243188781    2.106714088     1.82274473            500       29000000            350            500     5.82576835     68819.8216 0.000879669957 
283          NO_ID    4.839768785      2.2174399    2.186621034            500       29000000            350            500     6.79010139     47827.6151  0.00040794662 
284          NO_ID    4.726855506    1.937257239    1.890338344            500       29000000            350            500     5.00870472      72937.521 0.000668899397 
285          NO_ID    5.146597919    2.015299753    2.395006418            500       29000000            350            500     7.18774795      47540.884 0.000477505388 
286          NO_ID     5.29646312    1.749718263    2.002104104            500       29000000            350            500     5.36867358     77034.7078 0.000989848208 
287          NO_ID    5.419319672    2.096506431     2.12206814            500       29000000            350            500     6.97632268     54291.2982 0.000674222961 
288          NO_ID    4.408772361    2.191459467    1.928696242            500       29000000            350            500     5.39189242     59472.9787 0.000427586362 
289          NO_ID    4.816421222    1.953470694    1.619329858            500       29000000            350            500     4.40852138     92549.4113     0.00103083 
290          NO_ID    5.923199206    1.986902117    1.744465803            500       29000000            350            500        5.94048     80109.0467  0.00154393186 
291          NO_ID     5.36513743    2.707629952     1.65848177            500       29000000            350            500     6.97119336     57553.4517 0.000891531278 
292          NO_ID    4.964744383    1.861733777    2.154763254            500       29000000            350            500     5.76288958     62824.0092 0.000621157049 
293          NO_ID    5.092931005    1.902562908    2.226504979            500       29000000            350            500     6.24247419     57864.4816 0.000600990229 
294          NO_ID    4.388647096    2.142222163    1.774572264            500       29000000            350            500     4.82742042     70256.9779 0.000540207503 
295          NO_ID    4.901331892    1.945507687    1.962113473            500       29000000            350            500     5.41374068     68330.1981 0.000678293582 
296          NO_ID    4.997554004    2.175774186    1.691924775            500       29000000            350            500     5.32327168      74385.194 0.000887024681 
297          NO_ID    5.193291217    2.127475654    2.530759848            500       29000000            350            500     8.09066981     40350.0671 0.000394278224 
298          NO_ID    5.430999583    1.614094088     1.75897991            500       29000000            350            500      4.4616527     105896.616  0.00163546426 
299          NO_ID    5.707865888    2.139712777    1.701155251            500       29000000            350            500     6.01172985     75410.9879  0.00133134339 
300          NO_ID    4.207887458    1.784021747      2.0627977            500       29000000            350            500     4.48071339     71505.3511 0.000449419122 
301          NO_ID    5.459022253     2.21363129    1.980144143            500       29000000            350            500     6.92377938     56206.5936 0.000748229245 
302          NO_ID    4.576575608    2.352128239    1.882738704            500       29000000            350            500     5.86432397     56142.3504  0.00046155212 
303          NO_ID    5.572216716    2.093883509     2.09720504            500       29000000            350            500     7.08023502     55413.9943 0.000754896923 
304          NO_ID    4.969387957    2.021368631    1.932511663            500       29000000            350            500     5.61690159     66335.7071 0.000688714714 
305          NO_ID     5.38228102    2.028396914    1.985923207            500       29000000            350            500     6.27347292     63202.1042 0.000815096834 
306          NO_ID    4.604025579    1.864184453    2.182515244            500       29000000            350            500     5.42013572     61472.0558 0.000481285302 
307          NO_ID    5.140506166    1.725584424    2.075109945            500       29000000            350            500     5.32610194     74360.5433 0.000864520386 
308          NO_ID    4.252506325    2.329250371    1.908974426            500       29000000            350            500     5.47126207     55619.3307 0.000361676975 
309          NO_ID    5.323846982    1.885859313    1.958340707            500       29000000            350            500     5.68917605     71631.4318 0.000920565933 
310          NO_ID    4.648821161    2.232215581     1.84491018            500       29000000            350            500      5.5396263     62329.2107 0.000547912294 
311          NO_ID    5.105231635    2.051191397    2.092692889            500       29000000            350            500     6.34093648     57247.4558 0.000603984396 
312          NO_ID    5.465734065    1.798396998    1.838286953            500       29000000            350            500     5.22845817     84685.0073  0.00124881483 
313          NO_ID     5.55814244    2.262405647    2.178461147            500       29000000            350            500     7.92640454     46774.9827 0.000603576608 
314          NO_ID    5.595819209    2.062846479    1.909478621            500       29000000            350            500     6.37781106     65731.0427 0.000981159259 
315          NO_ID    4.580860618    2.025191495    1.807128538            500       29000000            350            500     4.85096882     73693.7792 0.000635016963 
316          NO_ID     5.02925016    1.961703178    1.839312322            500       29000000            350            500       5.250713     74872.6254  0.00084386976 
317          NO_ID    5.352468169    2.070696457    1.762230296            500       29000000            350            500     5.65144445     74445.2433  0.00104631482 
318          NO_ID    5.591516593    1.856136759    2.114701679            500       29000000            350            500     6.35060302     64965.8074 0.000928031053 
319          NO_ID    5.792729089    2.214499892    1.818047153            500       29000000            350            500     6.74823644     64539.8782   0.0011138629 
320          NO_ID    5.021113467     2.28951722    2.061667703            500       29000000            350            500     6.85786424     50259.4102  0.00050035363 
321          NO_ID    4.792633007    2.089546569    2.162052436            500       29000000            350            500     6.26496599     52959.8744 0.000449255406 
322          NO_ID    5.345254399    1.898897416    2.131224305            500       29000000            350            500     6.25929341     62109.2471 0.000763931356 
323          NO_ID    5.292059597    1.975529192    2.137489353            500       29000000            350            500     6.46604026     58411.3972 0.000684968316 
324          NO_ID    5.557030614    2.280521299    2.248590636            500       29000000            350            500     8.24543526     43974.8289 0.000552123481 
325          NO_ID    5.824819418    1.917550809     2.09927143            500       29000000            350            500     6.78459937     62706.2361  0.00100286619 
326          NO_ID    4.904135191    2.072512012    2.281390242            500       29000000            350            500     6.70942551     49241.7094 0.000433430473 
327          NO_ID    5.484653972    1.814521923    1.966157299            500       29000000            350            500     5.66181896     75208.0345  0.00106790811 
328          NO_ID    4.504951864    2.032055169    1.926667191            500       29000000            350            500     5.10338835      66167.747 0.000512610557 
329          NO_ID    5.846779086     2.01376996    1.986646974            500       29000000            350            500     6.76820507     63812.1877  0.00105633065 
330          NO_ID    5.865344507    1.914295533    1.944250925            500       29000000            350            500     6.31656679     70932.6064  0.00122002315 
331          NO_ID    4.730159386    1.715626952    2.089521631            500       29000000            350            500     4.90649966      74195.164 0.000672260586 
332          NO_ID    5.277919425    1.479848704    1.861736899            500       29000000            350            500     4.20750504     109995.087  0.00158471428 
333          NO_ID    4.794321373    1.911358045    1.798277559            500       29000000            350            500     4.76817495     80501.4753 0.000804375146 
334          NO_ID    5.118513088    1.870863844    1.831910201            500       29000000            350            500     5.07593962     80534.1691 0.000968411008 
335          NO_ID    4.349007172     1.96557943    2.075990048            500       29000000            350            500     5.13490314     61597.0226 0.000409271926 
336          NO_ID    5.971921269    1.628985901    1.811260748            500       29000000            350            500     5.09845559     99828.2419  0.00200679127 
337          NO_ID    5.183326587    2.008680039    2.011054946            500       29000000            350            500     6.05856177     62809.1504 0.000718135402 
338          NO_ID    5.442270532    1.803848785    1.879714843            500       29000000            350            500     5.33947419     81403.4505  0.00116552001 
339          NO_ID    4.470546383    1.774134451    1.962922684            500       29000000            350            500      4.5048112     77875.6006 0.000604752302 
340          NO_ID    5.047109197    1.764762747    2.101777142            500       29000000            350            500      5.4167895     70564.2433 0.000762576945 
341          NO_ID    5.548338927    1.810792923    1.884618365            500       29000000            350            500     5.47874965     80627.7897  0.00121958609 
342          NO_ID     5.60120103    2.359240774     2.01635203            500       29000000            350            500     7.70985212     49987.8567 0.000703780912 
343          NO_ID    4.834009541    2.069302949    2.377400541            500       29000000            350            500     6.88113698     46278.8548 0.000381455593 
344          NO_ID    4.190566169     2.04271893    1.997600008            500       29000000            350            500     4.94784531      61997.839 0.000375075239 
345          NO_ID    5.525078446    1.882670386     2.15349583            500       29000000            350            500     6.48161217     61872.7399 0.000838903465 
346          NO_ID    5.520074948    2.203612724     1.79279591            500       29000000            350            500     6.31011632     66479.1654  0.00100685949 
347          NO_ID    5.851304656    1.849804445    1.997350626            500       29000000            350            500      6.2554579     71378.9766  0.00120989042 
348          NO_ID    4.591095349    2.130967034     2.18320769            500       29000000            350            500     6.18036838     50718.3724 0.000373471615 
349          NO_ID    5.222153969      2.0619455    1.978513405            500       29000000            350            500     6.16441854     62132.4095 0.000731683126 
350          NO_ID    4.808433933    2.367965326    1.932207365            500       29000000            350            500     6.36588797     53316.9924 0.000495212773 
351          NO_ID    4.739024672    1.843709331    1.727276096            500       29000000            350            500     4.36686185     90304.9475 0.000906694516 
352          NO_ID    4.752113439    1.921920239    2.404589783            500       29000000            350            500     6.35461763     50639.5504 0.000410875393 
353          NO_ID    4.887357536    2.284693877    2.037405923            500       29000000            350            500     6.58272875     51379.1328 0.000476880386 
354          NO_ID    4.355793879    1.988268552    2.222179601            500       29000000            350            500     5.56862261     54460.4665 0.000347008305 
355          NO_ID    5.353475613    1.925063596    2.115095226            500       29000000            350            500     6.30720724     61626.6751 0.000760532528 
356          NO_ID    5.073020977    1.576273687    2.023118586            500       29000000            350            500     4.68107813     88276.1121  0.00105289894 
357          NO_ID    4.771514334    1.908979807     1.85677286            500       29000000            350            500     4.89375939     76618.3787 0.000735337191 
358          NO_ID    4.492165575    1.899492134    2.006771859            500       29000000            350            500     4.95470182     68221.4336 0.000516819754 
359          NO_ID    5.138765928    1.929963582    2.152548563            500       29000000            350            500     6.17713616     59739.9349 0.000644674693 
360          NO_ID    5.086246379    2.169106426    1.956521335            500       29000000            350            500     6.24581489     58942.7763 0.000642821783 
361          NO_ID    4.431698477    1.846326524    2.014918623            500       29000000            350            500     4.77048451     70595.3744 0.000517425602 
362          NO_ID    4.932851513    1.788581998    1.788088766            500       29000000            350            500     4.56480509     89173.0978 0.000988017024 
363          NO_ID    5.667989838    1.972781118    1.677130646            500       29000000            350            500     5.42626659     86237.2732  0.00151225508 
364          NO_ID    4.705989792    2.065453478    2.254141808            500       29000000            350            500     6.33977578     50423.0571 0.000395572375 
365          NO_ID    5.161570054    2.309802472    2.008579785            500       29000000            350            500      6.9290233      51790.094 0.000573287713 
366          NO_ID    5.275106953    1.715116333    2.195882123            500       29000000            350            500      5.7485742     68785.6435 0.000848460862 
367          NO_ID    5.046608971     1.97148606    2.572526933            500       29000000            350            500     7.40592931     43996.1836 0.000410880748 
368          NO_ID    6.112426371    1.863500536    1.989932174            500       29000000            350            500     6.55854802     71044.5037  0.00137236853 
369          NO_ID    4.813651327    1.658017666    2.233519236            500       29000000            350            500      5.1579811     70472.4135 0.000673159428 
370          NO_ID    5.207708838    1.958945659    1.862634751            500       29000000            350            500     5.49823188      73520.795 0.000910563554 
371          NO_ID    5.061852055    1.589420812    2.012840874            500       29000000            350            500     4.68580328     87885.1529  0.00103747435 
372          NO_ID    4.279019255    1.666326677    2.188519426            500       29000000            350            500     4.51524229     72146.9583 0.000485002719 
373          NO_ID    5.312478318    1.696016935    2.170189591            500       29000000            350            500     5.65784828     71197.8248 0.000907288195 
374          NO_ID    4.910158893    2.029310219    1.886028224            500       29000000            350            500     5.43774005     68598.0647 0.000700786772 
375          NO_ID    5.428606075    2.430508549    1.919582748            500       29000000            350            500     7.32855895     52016.3744  0.00070027918 
376          NO_ID    5.126985635    1.969280925    2.447893839            500       29000000            350            500     7.15135966     47544.4318  0.00047396823 
377          NO_ID    4.421414501    1.830587002    2.112999905            500       29000000            350            500     4.94854301     66363.3753 0.000471984251 
378          NO_ID    5.261666432    1.912264741    2.265530379            500       29000000            350            500     6.59580011     55914.2019 0.000633379344 
379          NO_ID    4.768494875    1.938435252    2.052291692            500       29000000            350            500     5.48905993     63976.3316 0.000567261859 
380          NO_ID    5.626152763    2.266377839    2.066390914            500       29000000            350            500     7.62399468     50785.4418 0.000710601258 
381          NO_ID    5.339404906    1.740038934    2.199387284            500       29000000            350            500     5.91261769     67177.2327  0.00085076407 
382          NO_ID    4.919655011    1.648114177    2.033064226            500       29000000            350            500     4.76979055     82065.5583 0.000866275177 
383          NO_ID    4.694555923    1.708204901    2.188923629            500       29000000            350            500     5.07915371     69532.1449  0.00060678833 
384          NO_ID    5.716328561    1.941043108    1.942185321            500       29000000            350            500     6.23547148     69672.0966  0.00110621023 
385          NO_ID    4.532781916    2.296266424    2.174665122            500       29000000            350            500     6.54946394     45939.7218 0.000321132234 
386          NO_ID    4.295693235    2.057496033    1.576430954            500       29000000            350            500     4.03156333     90139.9917 0.000733246675 
387          NO_ID    5.170339541    1.993775857    1.970453692            500       29000000            350            500     5.87743583     65563.8572 0.000757005586 
388          NO_ID    4.305818788     2.09243848    1.872496302            500       29000000            350            500     4.88152684     66505.8109 0.000459432696 
389          NO_ID    4.567727483    1.955380346    1.835453825            500       29000000            350            500     4.74352464       75464.62 0.000638666307 
390          NO_ID    4.987436997    2.187142738    2.032003629            500       29000000            350            500     6.41365057     54823.9769 0.000544743944 
391          NO_ID    4.957836944    2.227625619    1.814057003            500       29000000            350            500     5.79711131     64252.2632 0.000696770508 
392          NO_ID    4.223922813      2.2059266    2.080578773            500       29000000            350            500     5.60941357     52158.9084 0.000308172812 
393          NO_ID    5.055353668    2.034489688    1.821230734            500       29000000            350            500     5.41998736     72314.1334 0.000831269882 
394          NO_ID    4.785072525    2.133343909    2.105948719            500       29000000            350            500     6.22047365     53618.0766  0.00045904821 
395          NO_ID    4.701173803    2.086378199    1.950988465            500       29000000            350            500     5.53707379     62503.6513 0.000542240765 
396          NO_ID    5.618122162    1.603872742    2.058700877            500       29000000            350            500     5.36760564     83787.0718   0.0013339656 
397          NO_ID    5.288333881    1.998048374    1.905112889            500       29000000            350            500     5.82467699     68980.1686 0.000875101856 
398          NO_ID    4.821657247    2.055921432    2.336170089            500       29000000            350            500     6.70090674     48003.3615 0.000397530895 
399          NO_ID     4.00311366    2.087734385    2.045415076            500       29000000            350            500     4.94630491     57901.7791 0.000298338258 
400          NO_ID    4.806632244    1.867312653    2.090806246            500       29000000            350            500       5.429977     65556.8679 0.000597039411 
