%eval_id             x1             x2  response_fn_1 
       1   0.9096500846    -1.34507076    471.9985769 
       2    1.317219076  -0.3477494931    433.9127047 
       3    -1.52374627  -0.8634462627    1020.950387 
       4   -1.960447777    1.716179777     461.251901 
       5   0.2793001831   0.3417428229    7.474982667 
       6    1.033596979    1.891226995    67.71827398 
       7  0.08254027087   -1.452992545    213.9449249 
       8  -0.8468040107   -1.141931946    349.0021234 
       9   -1.679394638   -1.522454418    1893.188379 
      10    1.227285308   -1.479939952    891.7722948 
      11   -1.728398576   -1.171319601    1736.907124 
      12   -1.121996004   -1.240465056    629.1729553 
      13     1.12553777   0.3608814888    82.09098536 
      14   -0.633493321  -0.2170182513    40.90175149 
      15   -1.862747227    1.653211654    338.2045371 
      16  -0.3591069886      1.4354482    172.5388806 
      17  -0.3260624614   0.9799168548    78.07615968 
      18   -0.540072972   -1.434810313    300.4482958 
      19    1.829210939  -0.9204743272    1820.978711 
      20   -1.762320639   0.4429479614    716.6946843 
      21  -0.6892480515    1.450611266    98.02302507 
      22   -1.728085074    1.589149094    202.6393722 
      23    1.817351461    1.947242219    184.4126261 
      24   -1.929991703  -0.2990381541    1627.766902 
      25    1.351966026   0.8850954641    88.99535246 
      26   -1.795225344   0.8578979317    567.1055618 
      27  -0.2200157456   0.4216145743    15.41683312 
      28   0.6253340878  -0.2041997286    35.57173196 
      29   -1.210224897    1.317515395    7.049785588 
      30   -1.937215229    1.573725426    483.4650734 
      31   -1.341390323  -0.3991039675    488.7924195 
      32   -1.018510442   -1.894980278    863.9383998 
      33   0.1799942944   0.6003857376     32.9334225 
      34   0.5190304527   0.6425984995    14.15959524 
      35   0.2944397442   0.3969771275    10.12532985 
      36   0.9006134598  -0.2031998411    102.8912284 
      37   0.3900530087   0.1629897822   0.3838041812 
      38   -1.478282888    1.552682258    46.16497504 
      39  -0.8307305621    1.544040037    76.27066733 
      40    1.434098667    1.791692061    7.208128906 
      41   -1.957217442  -0.6110142041    1981.627744 
      42   0.1223470112   -1.736649366    307.5868917 
      43   0.8751043146   -1.470665669      500.19685 
      44  -0.8090971354   -1.390912003    421.7003853 
      45  -0.7579206349    -1.63619481    491.7825423 
      46   -1.204904498   0.7314372379    56.75311253 
      47    1.400563309  -0.9147158097    827.4668188 
      48    1.052753138   -1.975326537     950.871366 
      49   -1.424384309   -1.341838584     1142.04572 
      50  -0.6748076817    1.687220555    154.5516912 
      51  0.09868519567   0.2156572351    5.052609893 
      52   0.0499696536  -0.8323580539    70.60084813 
      53 -0.04929067474    1.970699868    388.5098073 
      54  -0.8014636775   0.9843508201    14.94213607 
      55   0.1617104113    1.813210773    320.0612583 
      56    1.324490167   -1.935404134    1361.477917 
      57   -1.843748348   0.2760192407    983.6426202 
      58   -1.746444123  -0.2790842978    1115.867841 
      59   -1.396373216   0.5297926627    207.4012058 
      60   -1.666698419 0.009066428989    773.7461433 
      61  -0.5868749991    1.828296085    222.7063237 
      62   0.6686114613   0.4550519884   0.1162354985 
      63   0.6994225308  -0.3840390956     76.3435799 
      64  -0.1605067002  -0.5183698153    30.95476266 
      65  -0.9091765722    1.785754204    95.64224261 
      66   -1.759821293 0.006435949355     962.757293 
      67    1.154802851    1.178113168    2.440634939 
      68   -1.364165022  -0.5395054203    581.8060779 
      69   -1.137947117    1.524623265    9.847009622 
      70   -1.290135186   0.1205470916    243.6079673 
      71   -1.272888913   -1.852123428    1210.901097 
      72  0.07048075181   -1.945136278    381.1544947 
      73    1.835962834   -1.834499594    2710.171086 
      74   0.9702648837  -0.5916863419     235.040533 
      75    1.488175146   0.4858559454    299.1164817 
      76    1.391342402   0.9643951608     94.5224287 
      77  -0.8129739305  -0.4488985464    126.4580626 
      78  -0.5751147252    1.856952919    235.4084008 
      79  -0.5113199325   -1.398609354    277.8631542 
      80  -0.8213399807   0.2713957652    19.57459352 
      81  -0.8680473519  -0.1410600031    83.51447101 
      82    1.952026655   0.3009512788    1232.535046 
      83  0.07920972817   -1.508978976    230.4470677 
      84    1.189070914    1.942593257    27.98849944 
      85  -0.9047472281    1.374624374    34.54798154 
      86    1.072761765  -0.7291519558     353.433924 
      87    1.922537808   0.7943563703    842.8926456 
      88  0.06272231787    1.947241827    378.5229858 
      89   0.8523456249   -0.557566314    164.9026505 
      90   -1.779034607   -1.245663183    1953.086366 
      91    1.555459314  -0.7579855556    1009.920543 
      92   -1.464217325   -1.647599111    1443.643467 
      93    1.147941848   0.8348306613    23.34497431 
      94  -0.4276406551    1.742934841    245.4163512 
      95   0.9743070798    1.386165983    19.08809564 
      96   0.2460356168  0.06313016359   0.5691365444 
      97     0.16620823 -0.02759063337    1.000087273 
      98   0.5500835963  0.08383792173    4.987757822 
      99   -1.526110947  -0.7444500495    950.9997458 
     100   0.3230993077    1.375450556    162.0168843 
     101  -0.3815995874   0.7076919135    33.50149829 
     102    1.219644137   0.3323200904    133.4996576 
     103   -1.097508069   -1.937139068    991.4041993 
     104    0.317136297    1.166837267    114.1577331 
     105   0.4544638926   0.9602937791    57.11247308 
     106  -0.4297591252    1.132024491    91.78792444 
     107   -0.194441257    1.969104636    374.4175902 
     108   0.2730528722   0.8729670513    64.27417405 
     109   0.5994028216   0.2517923042    1.315919031 
     110   -1.363448403    -1.47006088    1113.844895 
     111   -1.799767363  -0.6979264133    1557.905656 
     112   -1.293935814   0.8446925553    74.08199705 
     113    1.664440347   -1.046215767    1457.067813 
     114    1.551929726   0.0588213373    552.3969705 
     115   -1.743488927   0.6436037784    581.6801473 
     116 -0.04972392973 -0.06858129054    1.606784006 
     117   -1.501377304   0.3851689445     355.559855 
     118    0.281669437   -1.017151153     120.744773 
     119    1.690535418   0.1515578534    732.9110326 
     120  -0.1429180931    1.355120203    179.4472349 
     121   -1.834909745     0.15898077    1037.107295 
     122  -0.6996419178   -1.317392195    329.3742941 
     123  -0.4271361893  0.01791008096     4.74390233 
     124   -0.998522101 -0.05840403214    115.3916491 
     125   0.4888205128    1.773468723    235.7374585 
     126 -0.04522396252    1.741589243    303.6938384 
     127   -1.147605157   0.2739411332    113.4088867 
     128    1.509162104   -1.534657275    1453.567121 
     129    1.107898318    1.191828674   0.1384493268 
     130   0.7715875451  -0.2273572311    67.73645332 
     131    1.843151006  -0.4411748461    1474.027372 
     132    1.140334757   -1.637141876    862.9133938 
     133   0.7019457612   0.6409956198    2.287169436 
     134   0.7070495347   0.4020731002    1.043202856 
     135  -0.4385020295   -1.220075087    201.5451155 
     136   -1.107664634   -1.335286792    660.9330968 
     137   0.6368215857   0.5757044991    3.027435292 
     138   -1.054475489    1.513275003    20.32956921 
     139   0.5634993268   -1.830333591    461.5229738 
     140    1.651996695  -0.3813648401     967.919948 
     141    1.265955413   -1.180365418    774.5843774 
     142   0.3024115628   -0.649541338    55.39385396 
     143    1.376935368   -1.199559177    958.3604115 
     144   -1.670640991   0.7801682884    411.4933586 
     145    1.312770636    1.056790587    44.53020261 
     146  0.09851498157   0.6444506664    41.10285575 
     147    1.690846714  -0.4192481143    1075.143825 
     148   -1.669058033  -0.6649770755    1197.878862 
     149    1.045746111 -0.02784826793    125.7633343 
     150    1.294479936    1.755545091   0.7245887714 
     151    0.271964483   -1.818544678    358.6892029 
     152 -0.06588551402   -1.371161846    190.3368927 
     153  -0.9177866951  -0.2969712019    133.4791796 
     154   -1.883372013   -1.453742037    2509.146081 
     155 -0.08947276883   -1.070118297    117.4220164 
     156   0.6096744817   -1.800420268    471.9642915 
     157   -1.074537423   -1.255835152    585.3382556 
     158  -0.0285093179   0.0455424441    1.257905691 
     159  -0.2509920541    1.826840243    312.6792759 
     160    1.331483742    -0.38570402    466.0449764 
     161  -0.4158102339   -1.776413523    381.9861186 
     162    0.207005484   0.3711562296    11.40725493 
     163   -1.405700929    1.866520627    6.985862983 
     164     1.32545569   -1.665849527    1171.581343 
     165    1.550945417  -0.5941763045    900.0683509 
     166    -1.36649594    1.435188795    24.27327637 
     167   -1.077321694    1.456703058    13.08166274 
     168  -0.5754988454    1.645341182    175.1791848 
     169   0.8721487774  -0.7253465578    220.8329881 
     170   -1.814171183  -0.5375543172    1473.868601 
     171    1.809073013   -1.575546196    2351.247513 
     172   0.9284481965    1.256715938     15.5839195 
     173   0.8625730406 -0.07980212662    67.88919425 
     174  -0.1850501513    1.998224045    387.1262791 
     175    1.535456882   0.2298297584      453.03918 
     176    1.174746598    0.343974893    107.3714657 
     177   -1.233916858  -0.7642449364    527.9338645 
     178    1.854293694    1.128111027    534.4756893 
     179  -0.4885837464   0.2262813812    2.231338763 
     180   -1.119231725   -1.059912353    539.2993223 
     181    1.841383185    1.661831691    299.6037346 
     182   0.7278835531   0.4020293346    1.706951366 
     183   -1.081789439   -1.057875223    500.7962433 
     184    1.456168419    1.001456173    125.4175408 
     185    1.907005015    1.824753091    329.1262678 
     186   0.6605342561  -0.2437228458    46.35909258 
     187 -0.007425257005  -0.3653483922    14.36687937 
     188    1.439696328  -0.6459559118    739.3162036 
     189    -1.58802458   -1.324506196    1486.121982 
     190  0.09758693166   -1.262424358    162.5994108 
     191    1.937534152     1.49876006    509.5070943 
     192    1.182378574   -1.315222621    736.2013217 
     193   0.4395063017    1.031052295    70.51953287 
     194   -1.995504403    1.430396053    660.0606195 
     195  -0.5687455749  -0.9559642151     166.156545 
     196    1.782732734   0.3322658828    810.5103444 
     197   -1.575324578   0.7497269632    306.5871805 
     198    1.484187966   -1.085504225     1081.53806 
     199   -1.737190701   -0.343435484    1137.303808 
     200  0.01095216163   0.7610889198    58.88559295 
