%eval_id interface              w              t              L              p              E              X              Y           mass         stress   displacement 
1            NO_ID              1              1              5    400.1338904    25426120.79    42.53861639    108.1566586     1.15779482      90417.165  0.00228547106 
2            NO_ID              1              1              5    413.8358219    29616525.38    42.21758476    93.02143682     1.19744161     81143.4129  0.00172460095 
3            NO_ID              1              1              5    598.4739517    23928015.84    44.62169111    109.3310632     1.73169546     92371.6526  0.00246753243 
4            NO_ID              1              1              5    437.6877581    27791192.39    46.00104355    80.04253865     1.26645763     75626.1493  0.00166095024 
5            NO_ID              1              1              5    550.6055872    23432572.35    51.86005547    96.40033753     1.59318746     88956.2358  0.00233573508 
6            NO_ID              1              1              5    557.6032667    34893859.07     40.7885872     105.828713     1.61343538     87970.3801  0.00162517195 
7            NO_ID              1              1              5    577.5172335    29505879.57    45.89330198    111.2417367     1.67105681     94281.0232   0.0020391985 
8            NO_ID              1              1              5     493.236885    23995054.86    48.88686711    88.62846892     1.42719006     82509.2016  0.00210912725 
9            NO_ID              1              1              5    543.1282289    25103103.41     59.0819815    108.9711272     1.57155159     100831.865  0.00246896164 
10           NO_ID              1              1              5    422.3789666    25818315.77    54.66095374    82.59380927     1.22216136     82352.8578  0.00191808036 
11           NO_ID              1              1              5    514.0268734    32777419.86    49.84724708    92.01577268     1.48734628     85117.8119   0.0015963754 
12           NO_ID              1              1              5    531.1545616     24178142.8    58.53933731     116.052343     1.53690556     104755.008  0.00268798084 
13           NO_ID              1              1              5    523.5473376    26682434.49    57.54758017    80.61369628     1.51489392     82896.7659  0.00185603226 
14           NO_ID              1              1              5    526.6773067     32142464.8    56.43115674    119.7839002     1.52395054     105729.034  0.00205975094 
15           NO_ID              1              1              5    582.9087954    26256638.41    56.27864764    115.9788266     1.68665739     103354.485  0.00245485107 
16           NO_ID              1              1              5    430.9127483    34450348.56    56.82151307    108.6124421     1.24685402     99260.3731  0.00177905198 
17           NO_ID              1              1              5    536.5976119    31546726.11    56.63757377    94.44268871     1.55265513     90648.1575  0.00174540665 
18           NO_ID              1              1              5    465.1956176    23191442.22    41.89041559    88.93290459     1.34605213     78493.9921  0.00211942353 
19           NO_ID              1              1              5    516.1189292    24410463.55    45.57766001    90.26662812     1.49339968     81506.5729  0.00207125638 
20           NO_ID              1              1              5     581.953531    27207431.03    42.62967413    95.26624127     1.68389332     82737.5492  0.00191802887 
21           NO_ID              1              1              5    591.6508565    30740435.94    43.27229421    100.9307809     1.71195271     86521.8451  0.00178617861 
22           NO_ID              1              1              5    416.7848386    27657895.96    46.23973522     98.0841695     1.20597465     86594.3428  0.00196032914 
23           NO_ID              1              1              5    469.3166157    27941195.41    53.26822885    106.2389118     1.35797632     95704.2844  0.00212670432 
24           NO_ID              1              1              5    495.0066927    29011660.98    49.23370677    81.76884056     1.43231103     78601.5284   0.0016449739 
25           NO_ID              1              1              5    472.0534007    24306518.55    54.39771253    105.1003486     1.36589526     95698.8367  0.00243439931 
26           NO_ID              1              1              5    534.1664311    34670257.83    43.16674217    83.40564193     1.54562046     75943.4305   0.0013543908 
27           NO_ID              1              1              5    490.8129339    27044859.46     45.7698089     102.400333     1.42017631     88902.0852  0.00207366091 
28           NO_ID              1              1              5    476.1413891    29803900.51     58.8470157    104.6691091     1.37772393     98109.6749  0.00201445862 
29           NO_ID              1              1              5    479.8037397     34052748.5    46.87285898    111.0590546     1.38832101     94759.1482  0.00176997957 
30           NO_ID              1              1              5     470.130899    31735661.62    47.13456083    111.9215923     1.36033246     95433.6919  0.00191333328 
31           NO_ID              1              1              5    548.2978656    28334827.87    58.26910942    90.65144547     1.58651003     89352.3329  0.00190160866 
32           NO_ID              1              1              5    404.6127545       26108081    41.57986344    86.61321655      1.1707545      76915.848  0.00183998032 
33           NO_ID              1              1              5    578.0586645    26817540.48    44.39285518    118.9943022     1.67262345     98032.2945  0.00236795376 
34           NO_ID              1              1              5    435.6273716    24796520.47     57.3134794    113.3219581     1.26049587     102381.263  0.00256066066 
35           NO_ID              1              1              5    441.0941647    32113924.38    48.77159779    93.77999835     1.27631413     85530.9577  0.00164576741 
36           NO_ID              1              1              5    424.1907949    33876335.85    52.10275515    86.15629082     1.22740392     82955.4276   0.0014860767 
37           NO_ID              1              1              5    562.3072678    31323722.08    40.58316784    94.08783465     1.62704649     80802.6015   0.0016356156 
38           NO_ID              1              1              5    460.9895112     26942215.1    40.37380855    96.32409641     1.33388169      82018.743  0.00193828107 
39           NO_ID              1              1              5     565.035154    24881687.25     57.1627817    84.55025145     1.63493968     85027.8199   0.0020509143 
40           NO_ID              1              1              5    475.6671133    29961538.17    55.96672236    101.2011503      1.3763516     94300.7236  0.00192990395 
41           NO_ID              1              1              5    552.9906121    33658065.59    53.57930728    102.3793848     1.60008858     93575.2153  0.00171655838 
42           NO_ID              1              1              5    588.2491705    31218611.44    42.90102805     112.827897     1.70210987      93437.355  0.00193328386 
43           NO_ID              1              1              5     487.175975    27808340.02    55.68155609    95.14342588     1.40965271     90494.9892   0.0019821269 
44           NO_ID              1              1              5    569.9404965    30224162.73    50.27911525    80.92752893     1.64913338     78723.9865  0.00157613342 
45           NO_ID              1              1              5    429.5635752    23040947.64    53.69899485    114.6765283     1.24295016     101025.314  0.00274785942 
46           NO_ID              1              1              5    503.1268984    28785778.76    47.75361128    110.5513527       1.455807     94982.9784  0.00209173232 
47           NO_ID              1              1              5    402.8285876    28166482.54    54.43159209    119.5420686     1.16559198     104384.196   0.0023316911 
48           NO_ID              1              1              5    594.4847188    32645968.09    51.14759742     103.134882     1.72015254     92569.4877  0.00176317571 
49           NO_ID              1              1              5    484.2616346    31444473.73    52.39016759    91.00342197     1.40122001     86036.1537  0.00166971216 
50           NO_ID              1              1              5    418.4850134    27161585.55     44.5774619    114.3721369     1.21089414     95369.7593  0.00225966807 
51           NO_ID              1              1              5    547.4932483    33028768.54    46.50781703    95.98280705     1.58418185     85494.3744  0.00161460479 
52           NO_ID              1              1              5    597.3678691    28118675.55    51.77341483    112.0058561     1.72849499     98267.5626  0.00219414427 
53           NO_ID              1              1              5    432.6523066    28988148.13    49.68972431     118.357336     1.25188746     100828.236  0.00221409146 
54           NO_ID              1              1              5    411.5076571    25696382.87    57.68318652    85.76366225     1.19070503     86068.1093  0.00201112776 
55           NO_ID              1              1              5    541.9988997    31896224.78    59.72022135    112.6684314     1.56828385     103433.192  0.00199894146 
56           NO_ID              1              1              5    439.8123814    26384146.85    47.33416296    107.6033608     1.27260527     92962.5143  0.00222774437 
57           NO_ID              1              1              5    482.5037553    27520536.67     55.1216735    87.61975539     1.39613355     85644.8573  0.00188070971 
58           NO_ID              1              1              5    480.8997012    32898193.46    43.51684713    115.1065546     1.39149219      95174.041  0.00187028282 
59           NO_ID              1              1              5    463.7689733     34832394.9    53.90800786    89.87518733     1.34192411     86269.9171  0.00150438665 
60           NO_ID              1              1              5    521.1965954    25576185.99    48.35986314    99.97621005       1.508092     89001.6439   0.0021711247 
61           NO_ID              1              1              5    586.8676225    33504239.31    51.26136373    87.07323502     1.69811233     83000.7592  0.00150789799 
62           NO_ID              1              1              5    555.1155482    25298753.93    55.55040416    84.14289241     1.60623712     83815.9779    0.001992706 
63           NO_ID              1              1              5    560.9784536    34283037.56    48.43061841    105.2847849     1.62320154      92229.242  0.00169018934 
64           NO_ID              1              1              5    443.8323538    25246711.59    48.01087045    82.87173249     1.28423713     78529.5618  0.00189677311 
65           NO_ID              1              1              5    456.3477981    32540508.38    51.41541193    110.0474033      1.3204508     96877.6891  0.00186638055 
66           NO_ID              1              1              5    574.4016259    27351564.36    54.01433622    100.6825831     1.66204174     92818.1516  0.00208866347 
67           NO_ID              1              1              5    571.4450693    23687174.94    54.90351933     107.451556     1.65348689     97413.0452  0.00254707014 
68           NO_ID              1              1              5    538.0523844    24592560.03    57.82837442    98.53072342     1.55686454     93815.4587  0.00232280021 
69           NO_ID              1              1              5    528.7406931    23277967.12    45.16633936    92.67101214     1.52992099     82702.4109  0.00221436386 
70           NO_ID              1              1              5    566.3758604    29931300.81    43.68247197    103.3098514     1.63881904      88195.394  0.00187371459 
71           NO_ID              1              1              5     585.905354    32308531.03    53.05962493    117.6529792     1.69532799     102427.562  0.00199736907 
72           NO_ID              1              1              5    545.7552765    33430091.65    40.95210695    96.82481931       1.579153     82666.1558   0.0015723718 
73           NO_ID              1              1              5    501.7106118     34614775.8    52.53601776    115.3353979     1.45170895     100722.849  0.00183067889 
74           NO_ID              1              1              5    510.6766175    29266945.04    44.00635167    109.8624007     1.47765225     92321.2514  0.00202187554 
75           NO_ID              1              1              5    593.5944028     28557029.7    56.07060699    87.32231905      1.7175764     86035.7556  0.00181696551 
76           NO_ID              1              1              5    406.9510269    33775634.05    50.98208552    117.5303408     1.17752033     101107.456  0.00189650756 
77           NO_ID              1              1              5    447.6174135     23822314.9    40.16021444    118.6819446     1.29518928     95305.2954  0.00262973278 
78           NO_ID              1              1              5    518.9583661     29422408.1    47.80292386    106.5780585     1.50161564     92628.5894   0.0019850099 
79           NO_ID              1              1              5    497.4208371    31044384.85    52.91664845    97.43321415      1.4392964     90209.9176  0.00178575964 
80           NO_ID              1              1              5    408.0639846    30418279.24    50.17302187    101.6092075      1.1807407     91069.3376  0.00186272048 
81           NO_ID              1              1              5    558.2043884    30644918.62    46.67694357    85.50723727     1.61517473     79310.5085  0.00158946065 
82           NO_ID              1              1              5    489.9628395    31774998.97    45.29237276    93.35078828     1.41771655     83185.8966  0.00163270221 
83           NO_ID              1              1              5    524.9810155    30113790.73    58.06469885    97.65206315     1.51904229     93430.0572  0.00188635985 
84           NO_ID              1              1              5    454.9806139    25925022.56    59.27990941    106.8476056     1.31649483      99676.509   0.0023566132 
85           NO_ID              1              1              5    420.3149876     28405023.5    49.03196746    117.1243196      1.2161892     99693.7723  0.00223505155 
86           NO_ID              1              1              5    459.2811038    33940698.67    59.87203529    89.25978454     1.32893838     89479.0919  0.00158335117 
87           NO_ID              1              1              5    415.1379295    33269981.17     41.3847841    103.8415125     1.20120929      87135.778  0.00167995941 
88           NO_ID              1              1              5    467.6338475    32465635.59    47.50017895    82.19841992      1.3531072     77819.1593  0.00146210008 
89           NO_ID              1              1              5    505.2195407    29132952.32    42.08675211    91.40092212      1.4618621     80092.6045  0.00172699905 
90           NO_ID              1              1              5    448.5596355    28642568.97    50.51571747    99.45287901     1.29791561     89981.1579  0.00194722249 
91           NO_ID              1              1              5    453.8632724    26521420.99    59.54285336    81.32824654     1.31326178     84522.6599  0.00190025669 
92           NO_ID              1              1              5    426.1022101    30976577.57    44.81678532    98.92994908     1.23293464     86248.0406   0.0017530651 
93           NO_ID              1              1              5    450.9950292    33136796.31    50.77527246    88.28666344     1.30496247     83437.1615  0.00153675497 
94           NO_ID              1              1              5     532.018454    24523743.87    41.10682907    84.99281685     1.53940525     75659.7876  0.00192490186 
95           NO_ID              1              1              5    508.2454041    30542209.35    52.65536862    83.84747609     1.47061749     81901.7068  0.00162087219 
96           NO_ID              1              1              5    498.7933003    34267397.73    58.61278928    113.7040219     1.44326765     103390.087  0.00186652779 
97           NO_ID              1              1              5    513.0850979    26233522.75    49.58612488    91.99599662     1.48462123     84949.2729  0.00199189029 
98           NO_ID              1              1              5    507.0916742    23482914.55    43.88493891    116.6080108     1.46727915     96295.7698  0.00265283511 
99           NO_ID              1              1              5    444.5412858    30904227.15    55.31922233    100.2240594     1.28628844      93325.969  0.00185213197 
100          NO_ID              1              1              5    573.1706524    24991959.34    41.63137907    104.0432863      1.6584799     87404.7992  0.00224198654 
